0.000000000000000000e+00 0.000000000000000000e+00 -6.039183726510935664e-03
0.000000000000000000e+00 2.418399152312290801e-01 -5.648121474290681253e-03
0.000000000000000000e+00 4.836798304624581601e-01 -5.345507286998137271e-03
0.000000000000000000e+00 7.255197456936872680e-01 -4.984259367767260654e-03
0.000000000000000000e+00 9.673596609249163203e-01 -4.415244988406117829e-03
0.000000000000000000e+00 1.209199576156145373e+00 -3.695563745305593083e-03
0.000000000000000000e+00 1.451039491387374536e+00 -2.954851289562870301e-03
0.000000000000000000e+00 1.692879406618603477e+00 -2.090023012565016616e-03
0.000000000000000000e+00 1.934719321849832641e+00 -1.240539736367291717e-03
0.000000000000000000e+00 2.176559237081061582e+00 -4.058006335883628706e-04
0.000000000000000000e+00 2.418399152312290745e+00 7.618190378653907869e-04
0.000000000000000000e+00 2.660239067543519464e+00 2.789848646090178907e-03
0.000000000000000000e+00 2.902078982774749072e+00 6.363611492139219922e-03
0.000000000000000000e+00 3.143918898005978235e+00 1.216817070456175168e-02
0.000000000000000000e+00 3.385758813237206954e+00 1.958409236066538037e-02
0.000000000000000000e+00 3.627598728468436118e+00 2.287652500626186081e-02
0.000000000000000000e+00 3.869438643699665281e+00 1.781440855950557067e-02
0.000000000000000000e+00 4.111278558930894000e+00 1.051127080262652912e-02
0.000000000000000000e+00 4.353118474162123164e+00 5.285572397424089831e-03
0.000000000000000000e+00 4.594958389393352327e+00 2.075431522235375147e-03
0.000000000000000000e+00 4.836798304624581490e+00 1.466851360760519250e-04
0.000000000000000000e+00 5.078638219855810654e+00 -1.132805230919726449e-03
0.000000000000000000e+00 5.320478135087038929e+00 -2.210689315263215330e-03
0.000000000000000000e+00 5.562318050318268980e+00 -3.307506437933556160e-03
0.000000000000000000e+00 5.804157965549498144e+00 -4.449821710009807529e-03
0.000000000000000000e+00 6.045997880780727307e+00 -5.460089341840844261e-03
0.000000000000000000e+00 6.287837796011956470e+00 -6.161569566861151322e-03
0.000000000000000000e+00 6.529677711243184746e+00 -6.534855606919407964e-03
0.000000000000000000e+00 6.771517626474413909e+00 -6.624356325431111393e-03
0.000000000000000000e+00 7.013357541705643072e+00 -6.436456555675151847e-03
2.094395102393195318e-01 -1.209199576156145400e-01 -6.335726552674833707e-03
2.094395102393195318e-01 1.209199576156145400e-01 -5.819939314637215255e-03
2.094395102393195318e-01 3.627598728468436340e-01 -5.336905899373799687e-03
2.094395102393195318e-01 6.045997880780726863e-01 -4.877329599622092990e-03
2.094395102393195318e-01 8.464397033093017386e-01 -4.298113040340503614e-03
2.094395102393195318e-01 1.088279618540530791e+00 -3.565598066425299840e-03
2.094395102393195318e-01 1.330119533771759954e+00 -2.856669689187561669e-03
2.094395102393195318e-01 1.571959449002988896e+00 -2.167545448890161475e-03
2.094395102393195318e-01 1.813799364234218059e+00 -1.452258292185254181e-03
2.094395102393195318e-01 2.055639279465447000e+00 -7.836138864899810930e-04
2.094395102393195318e-01 2.297479194696676164e+00 8.520842589532165586e-05
2.094395102393195318e-01 2.539319109927904883e+00 1.563483243849270914e-03
2.094395102393195318e-01 2.781159025159134490e+00 4.218155555562047229e-03
2.094395102393195318e-01 3.022998940390363654e+00 8.790498507219220506e-03
2.094395102393195318e-01 3.264838855621592373e+00 1.563457587121520886e-02
2.094395102393195318e-01 3.506678770852821536e+00 2.174762853181089542e-02
2.094395102393195318e-01 3.748518686084050699e+00 2.060052988142799593e-02
2.094395102393195318e-01 3.990358601315279419e+00 1.371807481165662583e-02
2.094395102393195318e-01 4.232198516546509026e+00 7.461790421559810760e-03
2.094395102393195318e-01 4.474038431777738190e+00 3.460904859491108817e-03
2.094395102393195318e-01 4.715878347008967353e+00 1.053091219167281035e-03
2.094395102393195318e-01 4.957718262240196516e+00 -4.226979319185912684e-04
2.094395102393195318e-01 5.199558177471424791e+00 -1.434644332708950561e-03
2.094395102393195318e-01 5.441398092702654843e+00 -2.375726118336600814e-03
2.094395102393195318e-01 5.683238007933884006e+00 -3.437420749150293942e-03
2.094395102393195318e-01 5.925077923165113170e+00 -4.529393954705583300e-03
2.094395102393195318e-01 6.166917838396342333e+00 -5.430891525063952577e-03
2.094395102393195318e-01 6.408757753627570608e+00 -6.092630808054378538e-03
2.094395102393195318e-01 6.650597668858799771e+00 -6.512793037805880182e-03
2.094395102393195318e-01 6.892437584090028935e+00 -6.621046466986087176e-03
4.188790204786390636e-01 -2.418399152312290801e-01 -6.588696804616930164e-03
4.188790204786390636e-01 0.000000000000000000e+00 -6.124949052766304539e-03
4.188790204786390636e-01 2.418399152312290801e-01 -5.519081576643958612e-03
4.188790204786390636e-01 4.836798304624582157e-01 -4.939191952904486982e-03
4.188790204786390636e-01 7.255197456936872680e-01 -4.283334189696146564e-03
4.188790204786390636e-01 9.673596609249163203e-01 -3.484753906670749486e-03
4.188790204786390636e-01 1.209199576156145373e+00 -2.688674009995066245e-03
4.188790204786390636e-01 1.451039491387374314e+00 -2.065052481039404871e-03
4.188790204786390636e-01 1.692879406618603477e+00 -1.480131006149904352e-03
4.188790204786390636e-01 1.934719321849832419e+00 -9.093306165501054269e-04
4.188790204786390636e-01 2.176559237081061582e+00 -2.550757760295940531e-04
4.188790204786390636e-01 2.418399152312290301e+00 7.355626593224138740e-04
4.188790204786390636e-01 2.660239067543519909e+00 2.534529253388309675e-03
4.188790204786390636e-01 2.902078982774749072e+00 5.961185906637876675e-03
4.188790204786390636e-01 3.143918898005977791e+00 1.171323788794497930e-02
4.188790204786390636e-01 3.385758813237206954e+00 1.893802604643127566e-02
4.188790204786390636e-01 3.627598728468436118e+00 2.202135841479350639e-02
4.188790204786390636e-01 3.869438643699664837e+00 1.726550087892331220e-02
4.188790204786390636e-01 4.111278558930894000e+00 1.020833100148597732e-02
4.188790204786390636e-01 4.353118474162123164e+00 5.030256182279119193e-03
4.188790204786390636e-01 4.594958389393352327e+00 2.111531334927802331e-03
4.188790204786390636e-01 4.836798304624581490e+00 4.257435515775790952e-04
4.188790204786390636e-01 5.078638219855809766e+00 -6.838754592668335689e-04
4.188790204786390636e-01 5.320478135087039817e+00 -1.514206811223645262e-03
4.188790204786390636e-01 5.562318050318268980e+00 -2.392588053686022821e-03
4.188790204786390636e-01 5.804157965549498144e+00 -3.471465279270086191e-03
4.188790204786390636e-01 6.045997880780727307e+00 -4.536828310889299241e-03
4.188790204786390636e-01 6.287837796011955582e+00 -5.427831306656412218e-03
4.188790204786390636e-01 6.529677711243184746e+00 -6.140442635393433476e-03
4.188790204786390636e-01 6.771517626474413909e+00 -6.588046009263843344e-03
6.283185307179586232e-01 -3.627598728468436340e-01 -6.651845830713483225e-03
6.283185307179586232e-01 -1.209199576156145539e-01 -6.416143098625127182e-03
6.283185307179586232e-01 1.209199576156145262e-01 -5.786660185957234748e-03
6.283185307179586232e-01 3.627598728468436340e-01 -5.119735673114287657e-03
6.283185307179586232e-01 6.045997880780726863e-01 -4.387612546424848013e-03
6.283185307179586232e-01 8.464397033093017386e-01 -3.503729174222861963e-03
6.283185307179586232e-01 1.088279618540530791e+00 -2.580022394820197761e-03
6.283185307179586232e-01 1.330119533771759954e+00 -1.879988876008913167e-03
6.283185307179586232e-01 1.571959449002989118e+00 -1.390029020982376301e-03
6.283185307179586232e-01 1.813799364234217837e+00 -9.094274424331045626e-04
6.283185307179586232e-01 2.055639279465447000e+00 -4.144990027153204579e-04
6.283185307179586232e-01 2.297479194696675719e+00 2.025891809702178774e-04
6.283185307179586232e-01 2.539319109927905327e+00 1.332147593475381574e-03
6.283185307179586232e-01 2.781159025159134490e+00 3.701265074192540590e-03
6.283185307179586232e-01 3.022998940390363209e+00 8.083922781711178757e-03
6.283185307179586232e-01 3.264838855621592373e+00 1.506897827266990772e-02
6.283185307179586232e-01 3.506678770852821536e+00 2.176450757933319144e-02
6.283185307179586232e-01 3.748518686084050255e+00 2.058796726941028096e-02
6.283185307179586232e-01 3.990358601315279419e+00 1.361716494978959351e-02
6.283185307179586232e-01 4.232198516546509026e+00 7.257452136430035845e-03
6.283185307179586232e-01 4.474038431777738190e+00 3.226842407820417792e-03
6.283185307179586232e-01 4.715878347008967353e+00 1.177898006611766179e-03
6.283185307179586232e-01 4.957718262240195628e+00 4.587326435222005864e-05
6.283185307179586232e-01 5.199558177471425680e+00 -7.694230176821914135e-04
6.283185307179586232e-01 5.441398092702654843e+00 -1.492268930440757363e-03
6.283185307179586232e-01 5.683238007933884006e+00 -2.374264078257169470e-03
6.283185307179586232e-01 5.925077923165113170e+00 -3.453901287738269949e-03
6.283185307179586232e-01 6.166917838396341445e+00 -4.500022372855229554e-03
6.283185307179586232e-01 6.408757753627570608e+00 -5.466081923123614246e-03
6.283185307179586232e-01 6.650597668858799771e+00 -6.265122893105397502e-03
8.377580409572781273e-01 -4.836798304624581601e-01 -6.367940239904047901e-03
8.377580409572781273e-01 -2.418399152312290801e-01 -6.543600954561596544e-03
8.377580409572781273e-01 0.000000000000000000e+00 -6.022325614953804272e-03
8.377580409572781273e-01 2.418399152312291078e-01 -5.295883534739869933e-03
8.377580409572781273e-01 4.836798304624581601e-01 -4.541756174221657158e-03
8.377580409572781273e-01 7.255197456936872680e-01 -3.637492452605203732e-03
8.377580409572781273e-01 9.673596609249164313e-01 -2.634133242541892260e-03
8.377580409572781273e-01 1.209199576156145373e+00 -1.773992955722615908e-03
8.377580409572781273e-01 1.451039491387374536e+00 -1.230328171670689967e-03
8.377580409572781273e-01 1.692879406618603477e+00 -8.480418833363693358e-04
8.377580409572781273e-01 1.934719321849832641e+00 -5.029237676478763184e-04
8.377580409572781273e-01 2.176559237081061138e+00 -1.122065176543420153e-04
8.377580409572781273e-01 2.418399152312290745e+00 5.898697449700005370e-04
8.377580409572781273e-01 2.660239067543519909e+00 1.985164256244273395e-03
8.377580409572781273e-01 2.902078982774748628e+00 4.898213512261923204e-03
8.377580409572781273e-01 3.143918898005977791e+00 1.085244143546173178e-02
8.377580409572781273e-01 3.385758813237206954e+00 2.008207242881634991e-02
8.377580409572781273e-01 3.627598728468435674e+00 2.414017613620882824e-02
8.377580409572781273e-01 3.869438643699664837e+00 1.775671241483710999e-02
8.377580409572781273e-01 4.111278558930894000e+00 9.850216721378889095e-03
8.377580409572781273e-01 4.353118474162123164e+00 4.672721010987421382e-03
8.377580409572781273e-01 4.594958389393352327e+00 2.017964745406045611e-03
8.377580409572781273e-01 4.836798304624580602e+00 6.250710506738363760e-04
8.377580409572781273e-01 5.078638219855810654e+00 -1.703395243857759958e-04
8.377580409572781273e-01 5.320478135087039817e+00 -7.777978640658075047e-04
8.377580409572781273e-01 5.562318050318268980e+00 -1.473124172589795238e-03
8.377580409572781273e-01 5.804157965549498144e+00 -2.428399214023247397e-03
8.377580409572781273e-01 6.045997880780726419e+00 -3.463232308910730011e-03
8.377580409572781273e-01 6.287837796011955582e+00 -4.489967135997319399e-03
8.377580409572781273e-01 6.529677711243184746e+00 -5.541967460188880999e-03
1.047197551196597631e+00 -6.045997880780726863e-01 -5.631772808289312385e-03
1.047197551196597631e+00 -3.627598728468436340e-01 -6.306206677039532908e-03
1.047197551196597631e+00 -1.209199576156145262e-01 -6.116366186421948008e-03
1.047197551196597631e+00 1.209199576156145817e-01 -5.387422544148319503e-03
1.047197551196597631e+00 3.627598728468436340e-01 -4.639747414047814753e-03
1.047197551196597631e+00 6.045997880780726863e-01 -3.811230792274386808e-03
1.047197551196597631e+00 8.464397033093018496e-01 -2.822690871717219770e-03
1.047197551196597631e+00 1.088279618540530791e+00 -1.836158469016728727e-03
1.047197551196597631e+00 1.330119533771759954e+00 -1.090934261478554088e-03
1.047197551196597631e+00 1.571959449002988896e+00 -6.966451801333588267e-04
1.047197551196597631e+00 1.813799364234218059e+00 -4.764207699197663647e-04
1.047197551196597631e+00 2.055639279465446556e+00 -2.231181527818595792e-04
1.047197551196597631e+00 2.297479194696676608e+00 1.949754202487267508e-04
1.047197551196597631e+00 2.539319109927905771e+00 8.866307089959732726e-04
1.047197551196597631e+00 2.781159025159134046e+00 2.550934222598131261e-03
1.047197551196597631e+00 3.022998940390363209e+00 7.417197862778375159e-03
1.047197551196597631e+00 3.264838855621592373e+00 1.780281064641877492e-02
1.047197551196597631e+00 3.506678770852821536e+00 2.753457460605364393e-02
1.047197551196597631e+00 3.748518686084050699e+00 2.433258548709559682e-02
1.047197551196597631e+00 3.990358601315279863e+00 1.386698555595547618e-02
1.047197551196597631e+00 4.232198516546509026e+00 6.283458057544068047e-03
1.047197551196597631e+00 4.474038431777738190e+00 2.780593484739333349e-03
1.047197551196597631e+00 4.715878347008966465e+00 1.268068785244919668e-03
1.047197551196597631e+00 4.957718262240196516e+00 3.682544543860247254e-04
1.047197551196597631e+00 5.199558177471425680e+00 -2.125418429657132747e-04
1.047197551196597631e+00 5.441398092702654843e+00 -7.202163634119525260e-04
1.047197551196597631e+00 5.683238007933884006e+00 -1.518885177798609586e-03
1.047197551196597631e+00 5.925077923165112281e+00 -2.553604588335945183e-03
1.047197551196597631e+00 6.166917838396341445e+00 -3.530729470568541844e-03
1.047197551196597631e+00 6.408757753627570608e+00 -4.554713118960204699e-03
1.256637061435917246e+00 -7.255197456936872680e-01 -4.684894731085169177e-03
1.256637061435917246e+00 -4.836798304624582157e-01 -5.659769512381008540e-03
1.256637061435917246e+00 -2.418399152312291078e-01 -5.936100862223289872e-03
1.256637061435917246e+00 0.000000000000000000e+00 -5.365660807315147419e-03
1.256637061435917246e+00 2.418399152312290523e-01 -4.619482759199158677e-03
1.256637061435917246e+00 4.836798304624581046e-01 -3.914196266425352261e-03
1.256637061435917246e+00 7.255197456936872680e-01 -3.040144276435315443e-03
1.256637061435917246e+00 9.673596609249162093e-01 -2.027300163656720229e-03
1.256637061435917246e+00 1.209199576156145373e+00 -1.085908920514597068e-03
1.256637061435917246e+00 1.451039491387374314e+00 -4.641474564265552828e-04
1.256637061435917246e+00 1.692879406618603477e+00 -2.301832061555521172e-04
1.256637061435917246e+00 1.934719321849832196e+00 -8.160552134641401280e-05
1.256637061435917246e+00 2.176559237081061582e+00 1.571992766529801847e-04
1.256637061435917246e+00 2.418399152312290745e+00 5.783238557941884975e-04
1.256637061435917246e+00 2.660239067543519909e+00 1.664849686570404408e-03
1.256637061435917246e+00 2.902078982774749072e+00 5.723300731717700929e-03
1.256637061435917246e+00 3.143918898005978235e+00 1.567592811452129045e-02
1.256637061435917246e+00 3.385758813237206510e+00 2.941342854110068697e-02
1.256637061435917246e+00 3.627598728468435674e+00 3.338149665284382422e-02
1.256637061435917246e+00 3.869438643699664837e+00 2.169558849468456591e-02
1.256637061435917246e+00 4.111278558930894000e+00 9.907988069179122018e-03
1.256637061435917246e+00 4.353118474162123164e+00 3.840628603309603241e-03
1.256637061435917246e+00 4.594958389393351439e+00 1.856407158020455684e-03
1.256637061435917246e+00 4.836798304624581490e+00 9.787530041029449384e-04
1.256637061435917246e+00 5.078638219855810654e+00 3.854088963569798042e-04
1.256637061435917246e+00 5.320478135087039817e+00 -4.961803150709267557e-05
1.256637061435917246e+00 5.562318050318268980e+00 -6.012251362834257788e-04
1.256637061435917246e+00 5.804157965549497256e+00 -1.593944671475499902e-03
1.256637061435917246e+00 6.045997880780726419e+00 -2.657723773093464102e-03
1.256637061435917246e+00 6.287837796011955582e+00 -3.631088348890293156e-03
1.466076571675236861e+00 -8.464397033093017386e-01 -3.687874718220493769e-03
1.466076571675236861e+00 -6.045997880780726863e-01 -4.773534188040315374e-03
1.466076571675236861e+00 -3.627598728468435785e-01 -5.468948525040105528e-03
1.466076571675236861e+00 -1.209199576156144706e-01 -5.236200693144574606e-03
1.466076571675236861e+00 1.209199576156145817e-01 -4.498580218623650720e-03
1.466076571675236861e+00 3.627598728468436340e-01 -3.862010865306035080e-03
1.466076571675236861e+00 6.045997880780727973e-01 -3.166714619617256535e-03
1.466076571675236861e+00 8.464397033093017386e-01 -2.231478189286506021e-03
1.466076571675236861e+00 1.088279618540530791e+00 -1.183189211108765957e-03
1.466076571675236861e+00 1.330119533771759954e+00 -2.506781284871896390e-04
1.466076571675236861e+00 1.571959449002989118e+00 2.613473542347334957e-04
1.466076571675236861e+00 1.813799364234217837e+00 4.103140236442257937e-04
1.466076571675236861e+00 2.055639279465447444e+00 5.701836846018188505e-04
1.466076571675236861e+00 2.297479194696676608e+00 1.063197596295472084e-03
1.466076571675236861e+00 2.539319109927905327e+00 2.377754245911452811e-03
1.466076571675236861e+00 2.781159025159134490e+00 5.938045093183073539e-03
1.466076571675236861e+00 3.022998940390363654e+00 1.417056924555378655e-02
1.466076571675236861e+00 3.264838855621592373e+00 2.905148957076700289e-02
1.466076571675236861e+00 3.506678770852821536e+00 4.303415275061200918e-02
1.466076571675236861e+00 3.748518686084050699e+00 3.607989022902241549e-02
1.466076571675236861e+00 3.990358601315279863e+00 1.850140461646574211e-02
1.466076571675236861e+00 4.232198516546509026e+00 7.275597305728505847e-03
1.466076571675236861e+00 4.474038431777737301e+00 2.998755969136053176e-03
1.466076571675236861e+00 4.715878347008967353e+00 1.735417376787828751e-03
1.466076571675236861e+00 4.957718262240196516e+00 1.178815203445034631e-03
1.466076571675236861e+00 5.199558177471425680e+00 7.207289716945462386e-04
1.466076571675236861e+00 5.441398092702654843e+00 3.462091207733897073e-04
1.466076571675236861e+00 5.683238007933883118e+00 -4.272432214008521352e-04
1.466076571675236861e+00 5.925077923165112281e+00 -1.561193623831787442e-03
1.466076571675236861e+00 6.166917838396341445e+00 -2.643044727491977892e-03
1.675516081914556255e+00 -9.673596609249163203e-01 -2.466056529665624619e-03
1.675516081914556255e+00 -7.255197456936872680e-01 -3.621037047435577295e-03
1.675516081914556255e+00 -4.836798304624581601e-01 -4.658737466009898673e-03
1.675516081914556255e+00 -2.418399152312290523e-01 -4.937900897546289303e-03
1.675516081914556255e+00 0.000000000000000000e+00 -4.359362016414067460e-03
1.675516081914556255e+00 2.418399152312290523e-01 -3.673873741054521809e-03
1.675516081914556255e+00 4.836798304624582157e-01 -3.093279439115150485e-03
1.675516081914556255e+00 7.255197456936871570e-01 -2.299388546446475608e-03
1.675516081914556255e+00 9.673596609249163203e-01 -1.213188611875156905e-03
1.675516081914556255e+00 1.209199576156145373e+00 -3.577844753075250976e-05
1.675516081914556255e+00 1.451039491387374536e+00 8.692143233389863256e-04
1.675516081914556255e+00 1.692879406618603255e+00 1.250847860862310066e-03
1.675516081914556255e+00 1.934719321849832863e+00 1.489235374245058549e-03
1.675516081914556255e+00 2.176559237081062026e+00 2.213348166947357379e-03
1.675516081914556255e+00 2.418399152312290745e+00 4.084589461141154357e-03
1.675516081914556255e+00 2.660239067543519909e+00 7.435972176269435574e-03
1.675516081914556255e+00 2.902078982774749072e+00 1.398053372105515987e-02
1.675516081914556255e+00 3.143918898005977791e+00 2.799008341843987890e-02
1.675516081914556255e+00 3.385758813237206954e+00 5.022187177447787199e-02
1.675516081914556255e+00 3.627598728468436118e+00 5.723441128482143619e-02
1.675516081914556255e+00 3.869438643699665281e+00 3.672803623508602566e-02
1.675516081914556255e+00 4.111278558930894000e+00 1.705729551061379787e-02
1.675516081914556255e+00 4.353118474162122276e+00 7.185452879189323933e-03
1.675516081914556255e+00 4.594958389393352327e+00 3.599666290153263025e-03
1.675516081914556255e+00 4.836798304624581490e+00 2.457347171102039138e-03
1.675516081914556255e+00 5.078638219855810654e+00 1.899078842682315428e-03
1.675516081914556255e+00 5.320478135087039817e+00 1.426309392554637838e-03
1.675516081914556255e+00 5.562318050318268092e+00 9.103782959955179083e-04
1.675516081914556255e+00 5.804157965549497256e+00 -1.354501442339862039e-04
1.675516081914556255e+00 6.045997880780726419e+00 -1.332498538109656763e-03
1.884955592153875870e+00 -1.088279618540530791e+00 -9.206655071743795153e-04
1.884955592153875870e+00 -8.464397033093017386e-01 -2.141909888646988027e-03
1.884955592153875870e+00 -6.045997880780726863e-01 -3.374701758893608027e-03
1.884955592153875870e+00 -3.627598728468435230e-01 -4.208504518403799119e-03
1.884955592153875870e+00 -1.209199576156144706e-01 -4.095960443385969485e-03
1.884955592153875870e+00 1.209199576156145817e-01 -3.435339573385396816e-03
1.884955592153875870e+00 3.627598728468437450e-01 -2.805185607671241855e-03
1.884955592153875870e+00 6.045997880780726863e-01 -2.094191978589663317e-03
1.884955592153875870e+00 8.464397033093018496e-01 -1.020896099193136647e-03
1.884955592153875870e+00 1.088279618540530791e+00 3.031809124550040313e-04
1.884955592153875870e+00 1.330119533771759954e+00 1.511966426703484617e-03
1.884955592153875870e+00 1.571959449002988674e+00 2.326465897880498901e-03
1.884955592153875870e+00 1.813799364234218281e+00 2.902571884355719355e-03
1.884955592153875870e+00 2.055639279465447444e+00 3.877019858208360925e-03
1.884955592153875870e+00 2.297479194696676164e+00 6.111886927026583503e-03
1.884955592153875870e+00 2.539319109927905327e+00 9.595143074386884227e-03
1.884955592153875870e+00 2.781159025159134490e+00 1.547100807774222375e-02
1.884955592153875870e+00 3.022998940390363209e+00 2.829724584532452430e-02
1.884955592153875870e+00 3.264838855621592373e+00 5.259275211237437325e-02
1.884955592153875870e+00 3.506678770852821536e+00 7.494083177236074422e-02
1.884955592153875870e+00 3.748518686084050699e+00 6.412114633131474339e-02
1.884955592153875870e+00 3.990358601315279863e+00 3.667608727946861102e-02
1.884955592153875870e+00 4.232198516546508138e+00 1.833178722049990522e-02
1.884955592153875870e+00 4.474038431777738190e+00 9.666679725490689296e-03
1.884955592153875870e+00 4.715878347008967353e+00 5.893363547224134483e-03
1.884955592153875870e+00 4.957718262240196516e+00 4.300723634639052467e-03
1.884955592153875870e+00 5.199558177471425680e+00 3.283090790585640583e-03
1.884955592153875870e+00 5.441398092702653955e+00 2.599568626451966274e-03
1.884955592153875870e+00 5.683238007933883118e+00 1.649428972197115656e-03
1.884955592153875870e+00 5.925077923165112281e+00 3.524100148549364495e-04
2.094395102393195263e+00 -1.209199576156145373e+00 1.087334567848379776e-03
2.094395102393195263e+00 -9.673596609249163203e-01 -3.342157020745353466e-04
2.094395102393195263e+00 -7.255197456936872680e-01 -1.670705328781554476e-03
2.094395102393195263e+00 -4.836798304624581046e-01 -2.869647057855175421e-03
2.094395102393195263e+00 -2.418399152312290523e-01 -3.374594711247677365e-03
2.094395102393195263e+00 0.000000000000000000e+00 -3.036996921145768743e-03
2.094395102393195263e+00 2.418399152312291633e-01 -2.371086898944837519e-03
2.094395102393195263e+00 4.836798304624581046e-01 -1.607196347321233378e-03
2.094395102393195263e+00 7.255197456936872680e-01 -5.653504737748584830e-04
2.094395102393195263e+00 9.673596609249162093e-01 8.054561166387503831e-04
2.094395102393195263e+00 1.209199576156145373e+00 2.233073573168881630e-03
2.094395102393195263e+00 1.451039491387374092e+00 3.510484226615426424e-03
2.094395102393195263e+00 1.692879406618603699e+00 4.638578500407572990e-03
2.094395102393195263e+00 1.934719321849832863e+00 5.989769352609147432e-03
2.094395102393195263e+00 2.176559237081061582e+00 8.416563588948825642e-03
2.094395102393195263e+00 2.418399152312290745e+00 1.255773984651628247e-02
2.094395102393195263e+00 2.660239067543519909e+00 1.871624831536322642e-02
2.094395102393195263e+00 2.902078982774748628e+00 2.997878161757773496e-02
2.094395102393195263e+00 3.143918898005977791e+00 4.912046554136319243e-02
2.094395102393195263e+00 3.385758813237206954e+00 7.062787233866041348e-02
2.094395102393195263e+00 3.627598728468436118e+00 7.493592949826291538e-02
2.094395102393195263e+00 3.869438643699665281e+00 5.718087915574179836e-02
2.094395102393195263e+00 4.111278558930893112e+00 3.590404299452037290e-02
2.094395102393195263e+00 4.353118474162123164e+00 2.147747120864517897e-02
2.094395102393195263e+00 4.594958389393353215e+00 1.364473803104323570e-02
2.094395102393195263e+00 4.836798304624581490e+00 9.477569566068242551e-03
2.094395102393195263e+00 5.078638219855811542e+00 7.098175646409726064e-03
2.094395102393195263e+00 5.320478135087039817e+00 5.430695390550278022e-03
2.094395102393195263e+00 5.562318050318268092e+00 4.201652839994278292e-03
2.094395102393195263e+00 5.804157965549498144e+00 2.669436792231698937e-03
2.303834612632514656e+00 -1.330119533771759732e+00 4.007735479328867513e-03
2.303834612632514656e+00 -1.088279618540530569e+00 2.078877611255746348e-03
2.303834612632514656e+00 -8.464397033093016276e-01 4.394944289882816556e-04
2.303834612632514656e+00 -6.045997880780724643e-01 -1.000176676022586407e-03
2.303834612632514656e+00 -3.627598728468434119e-01 -2.014285223946676948e-03
2.303834612632514656e+00 -1.209199576156143596e-01 -2.186459622744021686e-03
2.303834612632514656e+00 1.209199576156148037e-01 -1.722196245624841703e-03
2.303834612632514656e+00 3.627598728468437450e-01 -9.172292455723672199e-04
2.303834612632514656e+00 6.045997880780729083e-01 1.462189730620982520e-04
2.303834612632514656e+00 8.464397033093018496e-01 1.517654671954046233e-03
2.303834612632514656e+00 1.088279618540531013e+00 3.124990387750346821e-03
2.303834612632514656e+00 1.330119533771759732e+00 4.826922775171020238e-03
2.303834612632514656e+00 1.571959449002989340e+00 6.595409486610438569e-03
2.303834612632514656e+00 1.813799364234218503e+00 8.586229036117590599e-03
2.303834612632514656e+00 2.055639279465447444e+00 1.136094520223544097e-02
2.303834612632514656e+00 2.297479194696676608e+00 1.613074399899167011e-02
2.303834612632514656e+00 2.539319109927905771e+00 2.258143465180717860e-02
2.303834612632514656e+00 2.781159025159134046e+00 3.093254241846497485e-02
2.303834612632514656e+00 3.022998940390363209e+00 4.086190828132497954e-02
2.303834612632514656e+00 3.264838855621592373e+00 4.918768773754948059e-02
2.303834612632514656e+00 3.506678770852821536e+00 5.242610536503351792e-02
2.303834612632514656e+00 3.748518686084050699e+00 4.974915123191371580e-02
2.303834612632514656e+00 3.990358601315278975e+00 4.254600165348298990e-02
2.303834612632514656e+00 4.232198516546509026e+00 3.327584082506997165e-02
2.303834612632514656e+00 4.474038431777738190e+00 2.467068304038999918e-02
2.303834612632514656e+00 4.715878347008967353e+00 1.808298772374323030e-02
2.303834612632514656e+00 4.957718262240196516e+00 1.358554603144089892e-02
2.303834612632514656e+00 5.199558177471424791e+00 1.045282390678410264e-02
2.303834612632514656e+00 5.441398092702653955e+00 8.192818365555862639e-03
2.303834612632514656e+00 5.683238007933883118e+00 6.146865691813692759e-03
2.513274122871834493e+00 -1.451039491387374536e+00 8.471311118999243217e-03
2.513274122871834493e+00 -1.209199576156145373e+00 5.681771889568604066e-03
2.513274122871834493e+00 -9.673596609249164313e-01 3.308019573362870787e-03
2.513274122871834493e+00 -7.255197456936872680e-01 1.407632359734997240e-03
2.513274122871834493e+00 -4.836798304624582157e-01 -5.506057959159804118e-05
2.513274122871834493e+00 -2.418399152312291633e-01 -7.595583321926905858e-04
2.513274122871834493e+00 0.000000000000000000e+00 -6.326313552599378224e-04
2.513274122871834493e+00 2.418399152312289413e-01 6.934593147727478272e-05
2.513274122871834493e+00 4.836798304624581046e-01 1.191228677615351322e-03
2.513274122871834493e+00 7.255197456936870459e-01 2.595596201628434362e-03
2.513274122871834493e+00 9.673596609249162093e-01 4.350757465158359982e-03
2.513274122871834493e+00 1.209199576156144929e+00 6.456115147770726329e-03
2.513274122871834493e+00 1.451039491387374536e+00 8.868927027223609191e-03
2.513274122871834493e+00 1.692879406618603699e+00 1.163621163635434295e-02
2.513274122871834493e+00 1.934719321849832419e+00 1.491289779921640274e-02
2.513274122871834493e+00 2.176559237081061582e+00 1.941436467843175515e-02
2.513274122871834493e+00 2.418399152312290745e+00 2.472154682945442924e-02
2.513274122871834493e+00 2.660239067543519464e+00 2.881525217034821076e-02
2.513274122871834493e+00 2.902078982774748628e+00 3.071530001685458464e-02
2.513274122871834493e+00 3.143918898005977791e+00 3.003104306672473717e-02
2.513274122871834493e+00 3.385758813237206954e+00 2.818796609421282684e-02
2.513274122871834493e+00 3.627598728468436118e+00 2.728395201866478867e-02
2.513274122871834493e+00 3.869438643699664393e+00 2.803881351195105717e-02
2.513274122871834493e+00 4.111278558930894889e+00 2.910842782527665526e-02
2.513274122871834493e+00 4.353118474162123164e+00 2.865657863059490121e-02
2.513274122871834493e+00 4.594958389393353215e+00 2.602921785958010881e-02
2.513274122871834493e+00 4.836798304624581490e+00 2.181885139364954374e-02
2.513274122871834493e+00 5.078638219855809766e+00 1.760448858296004629e-02
2.513274122871834493e+00 5.320478135087039817e+00 1.416505843878344828e-02
2.513274122871834493e+00 5.562318050318268092e+00 1.135071108576265857e-02
2.722713633111154330e+00 -1.571959449002989118e+00 1.481082873533812183e-02
2.722713633111154330e+00 -1.330119533771759954e+00 1.120051049426092765e-02
2.722713633111154330e+00 -1.088279618540531013e+00 7.684605509522238372e-03
2.722713633111154330e+00 -8.464397033093018496e-01 4.813220346141828740e-03
2.722713633111154330e+00 -6.045997880780727973e-01 2.682633384990758263e-03
2.722713633111154330e+00 -3.627598728468437450e-01 1.319483514513064299e-03
2.722713633111154330e+00 -1.209199576156145817e-01 1.056371840416421093e-03
2.722713633111154330e+00 1.209199576156143596e-01 1.696143060783442081e-03
2.722713633111154330e+00 3.627598728468435230e-01 2.867705782388555325e-03
2.722713633111154330e+00 6.045997880780724643e-01 4.309514460535178101e-03
2.722713633111154330e+00 8.464397033093016276e-01 6.131359980457820255e-03
2.722713633111154330e+00 1.088279618540530347e+00 8.596513232879099756e-03
2.722713633111154330e+00 1.330119533771759954e+00 1.161966713651571038e-02
2.722713633111154330e+00 1.571959449002989118e+00 1.505704338347463658e-02
2.722713633111154330e+00 1.813799364234217837e+00 1.858355107954059657e-02
2.722713633111154330e+00 2.055639279465447000e+00 2.181341587377322311e-02
2.722713633111154330e+00 2.297479194696676164e+00 2.413537582340198606e-02
2.722713633111154330e+00 2.539319109927904883e+00 2.388968403430453621e-02
2.722713633111154330e+00 2.781159025159134046e+00 2.133270429001718135e-02
2.722713633111154330e+00 3.022998940390363209e+00 1.777453968763838960e-02
2.722713633111154330e+00 3.264838855621592373e+00 1.476332585700553153e-02
2.722713633111154330e+00 3.506678770852821536e+00 1.347786466234863340e-02
2.722713633111154330e+00 3.748518686084049811e+00 1.396840877521675697e-02
2.722713633111154330e+00 3.990358601315279863e+00 1.622510039317485303e-02
2.722713633111154330e+00 4.232198516546509026e+00 1.972163420047380947e-02
2.722713633111154330e+00 4.474038431777738190e+00 2.305739865023315183e-02
2.722713633111154330e+00 4.715878347008967353e+00 2.443123159404194528e-02
2.722713633111154330e+00 4.957718262240195628e+00 2.320960659350320907e-02
2.722713633111154330e+00 5.199558177471424791e+00 2.070229780148470991e-02
2.722713633111154330e+00 5.441398092702653955e+00 1.793861180887112994e-02
2.932153143350473723e+00 -1.692879406618603477e+00 2.101182104839104461e-02
2.932153143350473723e+00 -1.451039491387374314e+00 1.815323887871941877e-02
2.932153143350473723e+00 -1.209199576156145373e+00 1.421090106095347118e-02
2.932153143350473723e+00 -9.673596609249162093e-01 1.023375131629583601e-02
2.932153143350473723e+00 -7.255197456936871570e-01 7.076785761100734887e-03
2.932153143350473723e+00 -4.836798304624581046e-01 4.815760486628712679e-03
2.932153143350473723e+00 -2.418399152312289413e-01 3.975645740528730224e-03
2.932153143350473723e+00 0.000000000000000000e+00 4.615401770372348257e-03
2.932153143350473723e+00 2.418399152312291633e-01 5.595211822790890216e-03
2.932153143350473723e+00 4.836798304624581046e-01 6.955696364670117815e-03
2.932153143350473723e+00 7.255197456936872680e-01 8.859202351850246904e-03
2.932153143350473723e+00 9.673596609249159872e-01 1.152459101429780149e-02
2.932153143350473723e+00 1.209199576156145595e+00 1.491371761382111367e-02
2.932153143350473723e+00 1.451039491387374758e+00 1.849575425062458672e-02
2.932153143350473723e+00 1.692879406618603477e+00 2.142127092140190536e-02
2.932153143350473723e+00 1.934719321849832641e+00 2.263975812941980068e-02
2.932153143350473723e+00 2.176559237081061582e+00 2.179523667851131913e-02
2.932153143350473723e+00 2.418399152312290745e+00 1.882390112612318187e-02
2.932153143350473723e+00 2.660239067543519909e+00 1.475079769980025719e-02
2.932153143350473723e+00 2.902078982774749072e+00 1.098553216052969295e-02
2.932153143350473723e+00 3.143918898005978235e+00 8.171824016720341533e-03
2.932153143350473723e+00 3.385758813237207399e+00 6.721783354099388971e-03
2.932153143350473723e+00 3.627598728468435674e+00 6.780313575653524466e-03
2.932153143350473723e+00 3.869438643699665725e+00 7.917044092509879782e-03
2.932153143350473723e+00 4.111278558930894889e+00 1.011816414206942634e-02
2.932153143350473723e+00 4.353118474162124052e+00 1.345951563811742177e-02
2.932153143350473723e+00 4.594958389393353215e+00 1.726794722003000687e-02
2.932153143350473723e+00 4.836798304624581490e+00 2.033500977158306938e-02
2.932153143350473723e+00 5.078638219855810654e+00 2.197593774757375037e-02
2.932153143350473723e+00 5.320478135087039817e+00 2.223783180582850072e-02
3.141592653589793116e+00 -1.813799364234218059e+00 2.133053553923113660e-02
3.141592653589793116e+00 -1.571959449002988896e+00 2.195217188442115733e-02
3.141592653589793116e+00 -1.330119533771759954e+00 2.065391776689051370e-02
3.141592653589793116e+00 -1.088279618540530791e+00 1.787141814066061860e-02
3.141592653589793116e+00 -8.464397033093017386e-01 1.437938147490845642e-02
3.141592653589793116e+00 -6.045997880780726863e-01 1.144429099444507249e-02
3.141592653589793116e+00 -3.627598728468435230e-01 1.000199308428991254e-02
3.141592653589793116e+00 -1.209199576156145817e-01 9.910525341286998552e-03
3.141592653589793116e+00 1.209199576156145817e-01 9.910811312036443832e-03
3.141592653589793116e+00 3.627598728468435230e-01 1.078771850744498183e-02
3.141592653589793116e+00 6.045997880780726863e-01 1.294118281298835445e-02
3.141592653589793116e+00 8.464397033093014056e-01 1.563898151171025375e-02
3.141592653589793116e+00 1.088279618540531013e+00 1.862385224031249190e-02
3.141592653589793116e+00 1.330119533771760176e+00 2.112971033089675391e-02
3.141592653589793116e+00 1.571959449002988896e+00 2.222922551801803648e-02
3.141592653589793116e+00 1.813799364234218059e+00 2.118720865709045748e-02
3.141592653589793116e+00 2.055639279465447444e+00 1.837873146042943995e-02
3.141592653589793116e+00 2.297479194696675719e+00 1.454997053353350792e-02
3.141592653589793116e+00 2.539319109927904883e+00 1.053577841664031338e-02
3.141592653589793116e+00 2.781159025159134046e+00 7.360429816557872464e-03
3.141592653589793116e+00 3.022998940390363209e+00 5.189475449171673631e-03
3.141592653589793116e+00 3.264838855621592373e+00 3.835017359167508695e-03
3.141592653589793116e+00 3.506678770852820648e+00 3.394879105919798058e-03
3.141592653589793116e+00 3.748518686084050699e+00 3.743618413365907248e-03
3.141592653589793116e+00 3.990358601315279863e+00 4.738453436528674428e-03
3.141592653589793116e+00 4.232198516546509026e+00 6.437939677339223066e-03
3.141592653589793116e+00 4.474038431777738190e+00 8.953285901979446057e-03
3.141592653589793116e+00 4.715878347008966465e+00 1.220210939178119347e-02
3.141592653589793116e+00 4.957718262240195628e+00 1.575091618728395593e-02
3.141592653589793116e+00 5.199558177471424791e+00 1.900925773753811554e-02
3.351032163829112509e+00 -1.934719321849832641e+00 1.514085111701294825e-02
3.351032163829112509e+00 -1.692879406618603477e+00 1.821195589056649744e-02
3.351032163829112509e+00 -1.451039491387374536e+00 2.071749456252608076e-02
3.351032163829112509e+00 -1.209199576156145373e+00 2.257134520582880846e-02
3.351032163829112509e+00 -9.673596609249163203e-01 2.287008386008080110e-02
3.351032163829112509e+00 -7.255197456936872680e-01 2.156344727915983361e-02
3.351032163829112509e+00 -4.836798304624581046e-01 2.081667705754799633e-02
3.351032163829112509e+00 -2.418399152312291633e-01 1.880099706762553349e-02
3.351032163829112509e+00 0.000000000000000000e+00 1.700022680805898453e-02
3.351032163829112509e+00 2.418399152312289413e-01 1.759973619614184706e-02
3.351032163829112509e+00 4.836798304624581046e-01 1.991173064573784415e-02
3.351032163829112509e+00 7.255197456936868239e-01 2.148665164729515048e-02
3.351032163829112509e+00 9.673596609249164313e-01 2.229091235388762013e-02
3.351032163829112509e+00 1.209199576156145595e+00 2.216400770846947005e-02
3.351032163829112509e+00 1.451039491387374314e+00 2.070797283243282910e-02
3.351032163829112509e+00 1.692879406618603477e+00 1.794006476945769757e-02
3.351032163829112509e+00 1.934719321849832641e+00 1.447785008515983449e-02
3.351032163829112509e+00 2.176559237081061582e+00 1.098476908536843467e-02
3.351032163829112509e+00 2.418399152312290745e+00 7.713238639763343729e-03
3.351032163829112509e+00 2.660239067543519909e+00 5.073514958693237098e-03
3.351032163829112509e+00 2.902078982774749072e+00 3.310660512574962935e-03
3.351032163829112509e+00 3.143918898005978235e+00 2.261181192755223369e-03
3.351032163829112509e+00 3.385758813237206510e+00 1.708398425765767555e-03
3.351032163829112509e+00 3.627598728468436562e+00 1.641927392298344907e-03
3.351032163829112509e+00 3.869438643699665725e+00 2.006111002477556447e-03
3.351032163829112509e+00 4.111278558930894889e+00 2.747869399368752484e-03
3.351032163829112509e+00 4.353118474162124052e+00 3.998147478677883428e-03
3.351032163829112509e+00 4.594958389393352327e+00 5.972648686075082702e-03
3.351032163829112509e+00 4.836798304624581490e+00 8.672032422704520349e-03
3.351032163829112509e+00 5.078638219855810654e+00 1.182601820259101232e-02
3.560471674068431902e+00 -2.055639279465447000e+00 8.767888075470285994e-03
3.560471674068431902e+00 -1.813799364234217837e+00 1.158264752867635590e-02
3.560471674068431902e+00 -1.571959449002988896e+00 1.476194483682910334e-02
3.560471674068431902e+00 -1.330119533771759732e+00 1.867736470141054955e-02
3.560471674068431902e+00 -1.088279618540530791e+00 2.406056625696608928e-02
3.560471674068431902e+00 -8.464397033093016276e-01 2.931795027168530854e-02
3.560471674068431902e+00 -6.045997880780724643e-01 3.309822311969433384e-02
3.560471674068431902e+00 -3.627598728468435230e-01 3.419192459264123324e-02
3.560471674068431902e+00 -1.209199576156143596e-01 3.040329867889467533e-02
3.560471674068431902e+00 1.209199576156145817e-01 3.041192052994771619e-02
3.560471674068431902e+00 3.627598728468437450e-01 3.316032077946680368e-02
3.560471674068431902e+00 6.045997880780724643e-01 3.163732820857640543e-02
3.560471674068431902e+00 8.464397033093020717e-01 2.608487271832534218e-02
3.560471674068431902e+00 1.088279618540531235e+00 2.135390629957857958e-02
3.560471674068431902e+00 1.330119533771759954e+00 1.760933460762599545e-02
3.560471674068431902e+00 1.571959449002989118e+00 1.419216411340119659e-02
3.560471674068431902e+00 1.813799364234218281e+00 1.094348194239691367e-02
3.560471674068431902e+00 2.055639279465447000e+00 8.123640304744378718e-03
3.560471674068431902e+00 2.297479194696676164e+00 5.669590202697133777e-03
3.560471674068431902e+00 2.539319109927905327e+00 3.577741562017107500e-03
3.560471674068431902e+00 2.781159025159134490e+00 2.068728010576548031e-03
3.560471674068431902e+00 3.022998940390363654e+00 1.172831251527953460e-03
3.560471674068431902e+00 3.264838855621591929e+00 6.794958029956981588e-04
3.560471674068431902e+00 3.506678770852821980e+00 4.744573712935244779e-04
3.560471674068431902e+00 3.748518686084051144e+00 5.383178479674748454e-04
3.560471674068431902e+00 3.990358601315280307e+00 8.565844494763695050e-04
3.560471674068431902e+00 4.232198516546509026e+00 1.475975921150653831e-03
3.560471674068431902e+00 4.474038431777737301e+00 2.564135853458285753e-03
3.560471674068431902e+00 4.715878347008967353e+00 4.205270762665260474e-03
3.560471674068431902e+00 4.957718262240195628e+00 6.303540934369049852e-03
3.769911184307751739e+00 -2.176559237081061582e+00 4.582817511908417012e-03
3.769911184307751739e+00 -1.934719321849832419e+00 6.449283589652079866e-03
3.769911184307751739e+00 -1.692879406618603477e+00 8.811624373555605391e-03
3.769911184307751739e+00 -1.451039491387374314e+00 1.189503497831910159e-02
3.769911184307751739e+00 -1.209199576156145373e+00 1.652879349520942204e-02
3.769911184307751739e+00 -9.673596609249162093e-01 2.459467861778408607e-02
3.769911184307751739e+00 -7.255197456936870459e-01 3.407154908884132277e-02
3.769911184307751739e+00 -4.836798304624581046e-01 4.670977458091243179e-02
3.769911184307751739e+00 -2.418399152312289413e-01 5.374922373986269070e-02
3.769911184307751739e+00 0.000000000000000000e+00 5.282692076623501237e-02
3.769911184307751739e+00 2.418399152312291633e-01 5.334339398005125132e-02
3.769911184307751739e+00 4.836798304624578826e-01 4.585278740681662107e-02
3.769911184307751739e+00 7.255197456936874900e-01 3.136019293339381564e-02
3.769911184307751739e+00 9.673596609249166534e-01 2.005012742975788645e-02
3.769911184307751739e+00 1.209199576156145373e+00 1.414746910620343773e-02
3.769911184307751739e+00 1.451039491387374536e+00 1.066915418032042713e-02
3.769911184307751739e+00 1.692879406618603699e+00 7.970902212127001923e-03
3.769911184307751739e+00 1.934719321849832419e+00 5.861707780976169006e-03
3.769911184307751739e+00 2.176559237081061582e+00 4.188695010846839144e-03
3.769911184307751739e+00 2.418399152312290745e+00 2.731469925583488150e-03
3.769911184307751739e+00 2.660239067543519909e+00 1.430910300657270212e-03
3.769911184307751739e+00 2.902078982774749072e+00 4.463303423331648444e-04
3.769911184307751739e+00 3.143918898005977347e+00 -9.136566417101353284e-05
3.769911184307751739e+00 3.385758813237207399e+00 -3.094453063951767974e-04
3.769911184307751739e+00 3.627598728468436562e+00 -3.451541794947132779e-04
3.769911184307751739e+00 3.869438643699665725e+00 -2.182574924705469211e-04
3.769911184307751739e+00 4.111278558930894889e+00 1.372210621557630190e-04
3.769911184307751739e+00 4.353118474162123164e+00 8.103842412471336373e-04
3.769911184307751739e+00 4.594958389393352327e+00 1.803439647396242731e-03
3.769911184307751739e+00 4.836798304624581490e+00 3.061916532288724846e-03
3.979350694547071132e+00 -2.297479194696676164e+00 2.008336626789896783e-03
3.979350694547071132e+00 -2.055639279465447000e+00 3.122439608425999977e-03
3.979350694547071132e+00 -1.813799364234218059e+00 4.531460611649908848e-03
3.979350694547071132e+00 -1.571959449002988896e+00 6.502799945169291870e-03
3.979350694547071132e+00 -1.330119533771759954e+00 9.402462511868088166e-03
3.979350694547071132e+00 -1.088279618540530791e+00 1.425580592898937488e-02
3.979350694547071132e+00 -8.464397033093016276e-01 2.299658791872577490e-02
3.979350694547071132e+00 -6.045997880780726863e-01 3.714666055063377270e-02
3.979350694547071132e+00 -3.627598728468435230e-01 6.197440914121282035e-02
3.979350694547071132e+00 -1.209199576156145817e-01 7.652268584217168657e-02
3.979350694547071132e+00 1.209199576156145817e-01 7.786537244021451976e-02
3.979350694547071132e+00 3.627598728468433009e-01 5.884405227653084769e-02
3.979350694547071132e+00 6.045997880780729083e-01 3.594330739509155742e-02
3.979350694547071132e+00 8.464397033093020717e-01 1.957831221037170666e-02
3.979350694547071132e+00 1.088279618540530791e+00 1.139206255932194781e-02
3.979350694547071132e+00 1.330119533771759954e+00 7.574812811560444059e-03
3.979350694547071132e+00 1.571959449002989118e+00 5.361044275182812874e-03
3.979350694547071132e+00 1.813799364234217837e+00 3.878131725632523192e-03
3.979350694547071132e+00 2.055639279465447000e+00 2.801641079507708691e-03
3.979350694547071132e+00 2.297479194696676164e+00 1.916363599569113679e-03
3.979350694547071132e+00 2.539319109927905327e+00 1.090286275105871450e-03
3.979350694547071132e+00 2.781159025159134490e+00 2.788278476028550825e-04
3.979350694547071132e+00 3.022998940390362765e+00 -4.132616286361381528e-04
3.979350694547071132e+00 3.264838855621592817e+00 -8.257270071548463266e-04
3.979350694547071132e+00 3.506678770852821980e+00 -9.520856651151121588e-04
3.979350694547071132e+00 3.748518686084051144e+00 -8.801425121009390099e-04
3.979350694547071132e+00 3.990358601315280307e+00 -6.386855710928608827e-04
3.979350694547071132e+00 4.232198516546509026e+00 -2.298624317918607598e-04
3.979350694547071132e+00 4.474038431777737301e+00 3.420643358946869527e-04
3.979350694547071132e+00 4.715878347008967353e+00 1.087970090040980917e-03
4.188790204786390525e+00 -2.418399152312290745e+00 1.625511522962603292e-04
4.188790204786390525e+00 -2.176559237081061582e+00 9.372730432606602140e-04
4.188790204786390525e+00 -1.934719321849832641e+00 1.825811415982952178e-03
4.188790204786390525e+00 -1.692879406618603477e+00 2.918858210273224483e-03
4.188790204786390525e+00 -1.451039491387374536e+00 4.489098884975780551e-03
4.188790204786390525e+00 -1.209199576156145373e+00 7.139301410516980459e-03
4.188790204786390525e+00 -9.673596609249162093e-01 1.231162051548756117e-02
4.188790204786390525e+00 -7.255197456936872680e-01 2.128144762595046355e-02
4.188790204786390525e+00 -4.836798304624581046e-01 3.949652177354780191e-02
4.188790204786390525e+00 -2.418399152312291633e-01 6.938424745837967755e-02
4.188790204786390525e+00 0.000000000000000000e+00 8.872600475687135446e-02
4.188790204786390525e+00 2.418399152312287193e-01 6.669102879014117413e-02
4.188790204786390525e+00 4.836798304624583267e-01 3.767336945327411091e-02
4.188790204786390525e+00 7.255197456936874900e-01 1.964790396755525248e-02
4.188790204786390525e+00 9.673596609249162093e-01 9.394933897576052823e-03
4.188790204786390525e+00 1.209199576156145373e+00 4.925707083494555542e-03
4.188790204786390525e+00 1.451039491387374536e+00 3.079084755738588624e-03
4.188790204786390525e+00 1.692879406618603255e+00 2.128537868742783230e-03
4.188790204786390525e+00 1.934719321849832419e+00 1.448495695382246524e-03
4.188790204786390525e+00 2.176559237081061582e+00 8.625026412781721828e-04
4.188790204786390525e+00 2.418399152312290745e+00 3.231498490364107358e-04
4.188790204786390525e+00 2.660239067543519909e+00 -1.459399448778243792e-04
4.188790204786390525e+00 2.902078982774748184e+00 -5.442546184753286600e-04
4.188790204786390525e+00 3.143918898005978235e+00 -9.184900098288901939e-04
4.188790204786390525e+00 3.385758813237207399e+00 -1.200980022416026647e-03
4.188790204786390525e+00 3.627598728468436562e+00 -1.282111753066044043e-03
4.188790204786390525e+00 3.869438643699665725e+00 -1.201327950411973378e-03
4.188790204786390525e+00 4.111278558930894000e+00 -1.067888686660213625e-03
4.188790204786390525e+00 4.353118474162123164e+00 -8.634408788673958923e-04
4.188790204786390525e+00 4.594958389393352327e+00 -4.635692945293191122e-04
4.398229715025710362e+00 -2.539319109927905327e+00 -1.409143619832014778e-03
4.398229715025710362e+00 -2.297479194696676164e+00 -8.292317022906278224e-04
4.398229715025710362e+00 -2.055639279465447000e+00 -8.258933262910045662e-05
4.398229715025710362e+00 -1.813799364234218059e+00 7.708622315631941634e-04
4.398229715025710362e+00 -1.571959449002989118e+00 1.772757399718881931e-03
4.398229715025710362e+00 -1.330119533771759954e+00 3.128503016491321689e-03
4.398229715025710362e+00 -1.088279618540530791e+00 5.551351976214945194e-03
4.398229715025710362e+00 -8.464397033093018496e-01 1.058113656941473725e-02
4.398229715025710362e+00 -6.045997880780726863e-01 2.046304765269096534e-02
4.398229715025710362e+00 -3.627598728468437450e-01 4.050732418083943104e-02
4.398229715025710362e+00 -1.209199576156145817e-01 6.546750483322154313e-02
4.398229715025710362e+00 1.209199576156141376e-01 6.604746991914926812e-02
4.398229715025710362e+00 3.627598728468437450e-01 3.776013905381889885e-02
4.398229715025710362e+00 6.045997880780729083e-01 1.959006244142253578e-02
4.398229715025710362e+00 8.464397033093016276e-01 8.599824302001861723e-03
4.398229715025710362e+00 1.088279618540530791e+00 3.229108552713106685e-03
4.398229715025710362e+00 1.330119533771759954e+00 1.406304327434336737e-03
4.398229715025710362e+00 1.571959449002988674e+00 6.927289562827402625e-04
4.398229715025710362e+00 1.813799364234217837e+00 2.181729148024629319e-04
4.398229715025710362e+00 2.055639279465447000e+00 -2.305215674308028358e-04
4.398229715025710362e+00 2.297479194696676164e+00 -6.527100012993856514e-04
4.398229715025710362e+00 2.539319109927905327e+00 -9.549776072419775960e-04
4.398229715025710362e+00 2.781159025159133602e+00 -1.096393680363071631e-03
4.398229715025710362e+00 3.022998940390363654e+00 -1.168542341905713221e-03
4.398229715025710362e+00 3.264838855621592817e+00 -1.290488127045570036e-03
4.398229715025710362e+00 3.506678770852821980e+00 -1.465018266986465494e-03
4.398229715025710362e+00 3.748518686084051144e+00 -1.619005267061074393e-03
4.398229715025710362e+00 3.990358601315279419e+00 -1.744920000169352661e-03
4.398229715025710362e+00 4.232198516546509026e+00 -1.817672027496042113e-03
4.398229715025710362e+00 4.474038431777737301e+00 -1.737435136288185663e-03
4.607669225265029311e+00 -2.660239067543519464e+00 -2.614231010090750998e-03
4.607669225265029311e+00 -2.418399152312290301e+00 -2.307433572732866135e-03
4.607669225265029311e+00 -2.176559237081061138e+00 -1.727830122773950589e-03
4.607669225265029311e+00 -1.934719321849832196e+00 -9.138779304286334497e-04
4.607669225265029311e+00 -1.692879406618603255e+00 3.371654716030489862e-05
4.607669225265029311e+00 -1.451039491387374092e+00 1.074831962279284518e-03
4.607669225265029311e+00 -1.209199576156144929e+00 2.419720048222153905e-03
4.607669225265029311e+00 -9.673596609249159872e-01 4.819120194021839047e-03
4.607669225265029311e+00 -7.255197456936868239e-01 1.041048438442777196e-02
4.607669225265029311e+00 -4.836798304624578826e-01 2.189712408424118392e-02
4.607669225265029311e+00 -2.418399152312287193e-01 3.979205293862433934e-02
4.607669225265029311e+00 0.000000000000000000e+00 5.312042047677559276e-02
4.607669225265029311e+00 2.418399152312296074e-01 3.763891121461074296e-02
4.607669225265029311e+00 4.836798304624587708e-01 2.000418310673363065e-02
4.607669225265029311e+00 7.255197456936874900e-01 9.181473843302196194e-03
4.607669225265029311e+00 9.673596609249166534e-01 2.873449979130301285e-03
4.607669225265029311e+00 1.209199576156145817e+00 4.870291089745574478e-04
4.607669225265029311e+00 1.451039491387374536e+00 -4.252600444061441849e-04
4.607669225265029311e+00 1.692879406618603699e+00 -8.867579246202777566e-04
4.607669225265029311e+00 1.934719321849832863e+00 -1.245203497584488868e-03
4.607669225265029311e+00 2.176559237081062026e+00 -1.578887603400154233e-03
4.607669225265029311e+00 2.418399152312291189e+00 -1.808407219710614659e-03
4.607669225265029311e+00 2.660239067543519464e+00 -1.879982899278325511e-03
4.607669225265029311e+00 2.902078982774749516e+00 -1.831108968278353892e-03
4.607669225265029311e+00 3.143918898005978679e+00 -1.750824282498445426e-03
4.607669225265029311e+00 3.385758813237207843e+00 -1.764784916312291379e-03
4.607669225265029311e+00 3.627598728468437006e+00 -1.960284497711939009e-03
4.607669225265029311e+00 3.869438643699665281e+00 -2.270207764684873796e-03
4.607669225265029311e+00 4.111278558930894889e+00 -2.543302876261259188e-03
4.607669225265029311e+00 4.353118474162123164e+00 -2.676525943378019277e-03
4.817108735504350037e+00 -2.781159025159134490e+00 -3.579851491280394617e-03
4.817108735504350037e+00 -2.539319109927905327e+00 -3.492685734549912362e-03
4.817108735504350037e+00 -2.297479194696676164e+00 -3.121494648900930650e-03
4.817108735504350037e+00 -2.055639279465447444e+00 -2.433667767658881809e-03
4.817108735504350037e+00 -1.813799364234218281e+00 -1.522643398479481356e-03
4.817108735504350037e+00 -1.571959449002989118e+00 -5.314693473442752124e-04
4.817108735504350037e+00 -1.330119533771759954e+00 5.738014060309936347e-04
4.817108735504350037e+00 -1.088279618540531013e+00 2.084537568377049874e-03
4.817108735504350037e+00 -8.464397033093018496e-01 5.078617729717322705e-03
4.817108735504350037e+00 -6.045997880780729083e-01 1.226809460618440324e-02
4.817108735504350037e+00 -3.627598728468437450e-01 2.484247227502598201e-02
4.817108735504350037e+00 -1.209199576156150258e-01 3.817647705514456286e-02
4.817108735504350037e+00 1.209199576156145817e-01 3.620296202844584116e-02
4.817108735504350037e+00 3.627598728468437450e-01 2.131698714732378069e-02
4.817108735504350037e+00 6.045997880780724643e-01 1.069338576003226772e-02
4.817108735504350037e+00 8.464397033093016276e-01 3.624014587562585446e-03
4.817108735504350037e+00 1.088279618540530791e+00 1.707486734019232524e-04
4.817108735504350037e+00 1.330119533771759510e+00 -1.300977145336645749e-03
4.817108735504350037e+00 1.571959449002988674e+00 -2.001025561322810741e-03
4.817108735504350037e+00 1.813799364234217837e+00 -2.311116666712503126e-03
4.817108735504350037e+00 2.055639279465447000e+00 -2.522648129455923576e-03
4.817108735504350037e+00 2.297479194696676164e+00 -2.697176966079386975e-03
4.817108735504350037e+00 2.539319109927904439e+00 -2.765249126408227641e-03
4.817108735504350037e+00 2.781159025159134490e+00 -2.708887902147941087e-03
4.817108735504350037e+00 3.022998940390363654e+00 -2.577128357457908903e-03
4.817108735504350037e+00 3.264838855621592817e+00 -2.460667317154000694e-03
4.817108735504350037e+00 3.506678770852821980e+00 -2.492677860428930796e-03
4.817108735504350037e+00 3.748518686084050255e+00 -2.747632486028289515e-03
4.817108735504350037e+00 3.990358601315279419e+00 -3.122557083638827398e-03
4.817108735504350037e+00 4.232198516546509026e+00 -3.437827060439003699e-03
5.026548245743668986e+00 -2.902078982774749072e+00 -4.375672404081029643e-03
5.026548245743668986e+00 -2.660239067543519909e+00 -4.485053254754075604e-03
5.026548245743668986e+00 -2.418399152312290745e+00 -4.299803851480300809e-03
5.026548245743668986e+00 -2.176559237081061582e+00 -3.802121723781044967e-03
5.026548245743668986e+00 -1.934719321849832863e+00 -3.028744517989585133e-03
5.026548245743668986e+00 -1.692879406618603699e+00 -2.067847718432874651e-03
5.026548245743668986e+00 -1.451039491387374536e+00 -9.458635839206449300e-04
5.026548245743668986e+00 -1.209199576156145595e+00 4.256599937119528911e-04
5.026548245743668986e+00 -9.673596609249164313e-01 2.466060264700668889e-03
5.026548245743668986e+00 -7.255197456936874900e-01 6.822869370586119586e-03
5.026548245743668986e+00 -4.836798304624583267e-01 1.497133782012445395e-02
5.026548245743668986e+00 -2.418399152312296074e-01 2.727127310390638562e-02
5.026548245743668986e+00 0.000000000000000000e+00 3.361778678856538333e-02
5.026548245743668986e+00 2.418399152312291633e-01 2.342141170046964024e-02
5.026548245743668986e+00 4.836798304624578826e-01 1.278766432754306452e-02
5.026548245743668986e+00 7.255197456936870459e-01 5.453618258566642410e-03
5.026548245743668986e+00 9.673596609249162093e-01 8.475068784412759237e-04
5.026548245743668986e+00 1.209199576156144929e+00 -1.506405618429941095e-03
5.026548245743668986e+00 1.451039491387374092e+00 -2.878988360341120083e-03
5.026548245743668986e+00 1.692879406618603255e+00 -3.569370652370951191e-03
5.026548245743668986e+00 1.934719321849832419e+00 -3.767977157691085495e-03
5.026548245743668986e+00 2.176559237081061582e+00 -3.804914492165901302e-03
5.026548245743668986e+00 2.418399152312289857e+00 -3.813508284959892230e-03
5.026548245743668986e+00 2.660239067543519909e+00 -3.742800602374790359e-03
5.026548245743668986e+00 2.902078982774749072e+00 -3.583182577314446542e-03
5.026548245743668986e+00 3.143918898005978235e+00 -3.404946681717856485e-03
5.026548245743668986e+00 3.385758813237207399e+00 -3.304569902437554628e-03
5.026548245743668986e+00 3.627598728468435674e+00 -3.376290887466486691e-03
5.026548245743668986e+00 3.869438643699664837e+00 -3.654016156737565583e-03
5.026548245743668986e+00 4.111278558930894000e+00 -4.047214465510091778e-03
5.235987755982988823e+00 -3.022998940390363654e+00 -4.951890911419449919e-03
5.235987755982988823e+00 -2.781159025159134490e+00 -5.211885919459425566e-03
5.235987755982988823e+00 -2.539319109927905327e+00 -5.203787906087915284e-03
5.235987755982988823e+00 -2.297479194696676608e+00 -4.899938224526279029e-03
5.235987755982988823e+00 -2.055639279465447444e+00 -4.283797322587319482e-03
5.235987755982988823e+00 -1.813799364234218281e+00 -3.339112680037573111e-03
5.235987755982988823e+00 -1.571959449002989118e+00 -2.128328275798130505e-03
5.235987755982988823e+00 -1.330119533771760176e+00 -6.839067836639558520e-04
5.235987755982988823e+00 -1.088279618540531013e+00 1.122307736922440510e-03
5.235987755982988823e+00 -8.464397033093020717e-01 4.090116991334989335e-03
5.235987755982988823e+00 -6.045997880780729083e-01 9.631687590400258084e-03
5.235987755982988823e+00 -3.627598728468441891e-01 1.800570920630322966e-02
5.235987755982988823e+00 -1.209199576156145817e-01 2.770864839942680305e-02
5.235987755982988823e+00 1.209199576156145817e-01 2.633458374847740674e-02
5.235987755982988823e+00 3.627598728468433009e-01 1.589315676431457547e-02
5.235987755982988823e+00 6.045997880780724643e-01 8.039262884777074666e-03
5.235987755982988823e+00 8.464397033093016276e-01 2.745596226848512084e-03
5.235987755982988823e+00 1.088279618540530347e+00 -4.829849153634507776e-04
5.235987755982988823e+00 1.330119533771759510e+00 -2.566238895295907055e-03
5.235987755982988823e+00 1.571959449002988674e+00 -4.045255041373894099e-03
5.235987755982988823e+00 1.813799364234217837e+00 -4.885754447621656719e-03
5.235987755982988823e+00 2.055639279465447000e+00 -5.145497642683934461e-03
5.235987755982988823e+00 2.297479194696675275e+00 -5.102244220618028757e-03
5.235987755982988823e+00 2.539319109927905327e+00 -4.948195403939507561e-03
5.235987755982988823e+00 2.781159025159134490e+00 -4.714118287008690032e-03
5.235987755982988823e+00 3.022998940390363654e+00 -4.444356995297359288e-03
5.235987755982988823e+00 3.264838855621592817e+00 -4.225999826726560722e-03
5.235987755982988823e+00 3.506678770852821092e+00 -4.144444701529310937e-03
5.235987755982988823e+00 3.748518686084050255e+00 -4.260110646707128065e-03
5.235987755982988823e+00 3.990358601315279419e+00 -4.569166268290673905e-03
5.445427266222308660e+00 -3.143918898005978235e+00 -5.349749829386898567e-03
5.445427266222308660e+00 -2.902078982774749072e+00 -5.629560743793077075e-03
5.445427266222308660e+00 -2.660239067543519909e+00 -5.712178927627641414e-03
5.445427266222308660e+00 -2.418399152312290745e+00 -5.512909802688701830e-03
5.445427266222308660e+00 -2.176559237081062026e+00 -4.990584837716384274e-03
5.445427266222308660e+00 -1.934719321849832863e+00 -4.065115732557383899e-03
5.445427266222308660e+00 -1.692879406618603699e+00 -2.805034467167960652e-03
5.445427266222308660e+00 -1.451039491387374758e+00 -1.335719592337551807e-03
5.445427266222308660e+00 -1.209199576156145595e+00 3.700656577588582190e-04
5.445427266222308660e+00 -9.673596609249166534e-01 2.662004832817741785e-03
5.445427266222308660e+00 -7.255197456936874900e-01 6.571207423508302128e-03
5.445427266222308660e+00 -4.836798304624587708e-01 1.273250958369420184e-02
5.445427266222308660e+00 -2.418399152312291633e-01 2.106953271112161491e-02
5.445427266222308660e+00 0.000000000000000000e+00 2.621396296303009008e-02
5.445427266222308660e+00 2.418399152312287193e-01 1.991395562196323146e-02
5.445427266222308660e+00 4.836798304624578826e-01 1.124324152656285686e-02
5.445427266222308660e+00 7.255197456936870459e-01 5.277750827451114027e-03
5.445427266222308660e+00 9.673596609249157652e-01 1.408988671446520036e-03
5.445427266222308660e+00 1.209199576156144929e+00 -1.128592086073043968e-03
5.445427266222308660e+00 1.451039491387374092e+00 -3.058637795684175133e-03
5.445427266222308660e+00 1.692879406618603255e+00 -4.588052664276638486e-03
5.445427266222308660e+00 1.934719321849832419e+00 -5.624976817291205480e-03
5.445427266222308660e+00 2.176559237081060694e+00 -6.107841007624330125e-03
5.445427266222308660e+00 2.418399152312290745e+00 -6.140861706809720190e-03
5.445427266222308660e+00 2.660239067543519909e+00 -5.890226948577509218e-03
5.445427266222308660e+00 2.902078982774749072e+00 -5.516983496122618291e-03
5.445427266222308660e+00 3.143918898005978235e+00 -5.168320861231372361e-03
5.445427266222308660e+00 3.385758813237206510e+00 -4.940785915007862503e-03
5.445427266222308660e+00 3.627598728468435674e+00 -4.892394607213545500e-03
5.445427266222308660e+00 3.869438643699664837e+00 -5.049256939441124081e-03
5.654866776461627609e+00 -3.264838855621592373e+00 -5.596211577272778431e-03
5.654866776461627609e+00 -3.022998940390363209e+00 -5.792493539175934056e-03
5.654866776461627609e+00 -2.781159025159134046e+00 -5.850911858666716162e-03
5.654866776461627609e+00 -2.539319109927904883e+00 -5.631593477190631469e-03
5.654866776461627609e+00 -2.297479194696676164e+00 -5.116091186380312787e-03
5.654866776461627609e+00 -2.055639279465447000e+00 -4.250712892430172536e-03
5.654866776461627609e+00 -1.813799364234217837e+00 -3.026570743426564795e-03
5.654866776461627609e+00 -1.571959449002988896e+00 -1.635782148172236971e-03
5.654866776461627609e+00 -1.330119533771759732e+00 -1.118972839644508604e-04
5.654866776461627609e+00 -1.088279618540530791e+00 1.748690025135862802e-03
5.654866776461627609e+00 -8.464397033093016276e-01 4.565781451492710932e-03
5.654866776461627609e+00 -6.045997880780729083e-01 9.264934863912667809e-03
5.654866776461627609e+00 -3.627598728468433009e-01 1.626943723398019750e-02
5.654866776461627609e+00 -1.209199576156141376e-01 2.366700076862110133e-02
5.654866776461627609e+00 1.209199576156145817e-01 2.304410133544541536e-02
5.654866776461627609e+00 3.627598728468437450e-01 1.494298051404743463e-02
5.654866776461627609e+00 6.045997880780729083e-01 7.987962887268782244e-03
5.654866776461627609e+00 8.464397033093016276e-01 3.494740237488841179e-03
5.654866776461627609e+00 1.088279618540530791e+00 6.105437106445493495e-04
5.654866776461627609e+00 1.330119533771759954e+00 -1.453871334366641822e-03
5.654866776461627609e+00 1.571959449002989118e+00 -3.160987873680318715e-03
5.654866776461627609e+00 1.813799364234218281e+00 -4.632664219802503335e-03
5.654866776461627609e+00 2.055639279465446556e+00 -5.798266280527875939e-03
5.654866776461627609e+00 2.297479194696676608e+00 -6.511303856512292917e-03
5.654866776461627609e+00 2.539319109927905771e+00 -6.690032946061010184e-03
5.654866776461627609e+00 2.781159025159134934e+00 -6.447677142947979591e-03
5.654866776461627609e+00 3.022998940390364098e+00 -6.053451479008398542e-03
5.654866776461627609e+00 3.264838855621592373e+00 -5.708851921589301430e-03
5.654866776461627609e+00 3.506678770852821536e+00 -5.493959892205350047e-03
5.654866776461627609e+00 3.748518686084050699e+00 -5.455251811836593114e-03
5.864306286700947446e+00 -3.385758813237206954e+00 -5.723430513890247900e-03
5.864306286700947446e+00 -3.143918898005977791e+00 -5.767310657645950168e-03
5.864306286700947446e+00 -2.902078982774748628e+00 -5.743773176574724221e-03
5.864306286700947446e+00 -2.660239067543519909e+00 -5.463483170653283920e-03
5.864306286700947446e+00 -2.418399152312290745e+00 -4.898742904720938991e-03
5.864306286700947446e+00 -2.176559237081061582e+00 -4.108529272126875374e-03
5.864306286700947446e+00 -1.934719321849832419e+00 -3.015671061340373469e-03
5.864306286700947446e+00 -1.692879406618603477e+00 -1.765673045713955997e-03
5.864306286700947446e+00 -1.451039491387374314e+00 -4.945577730070010352e-04
5.864306286700947446e+00 -1.209199576156145373e+00 9.747989955890005911e-04
5.864306286700947446e+00 -9.673596609249162093e-01 3.062487322003427416e-03
5.864306286700947446e+00 -7.255197456936874900e-01 6.578572186113484412e-03
5.864306286700947446e+00 -4.836798304624578826e-01 1.236705219511133845e-02
5.864306286700947446e+00 -2.418399152312287193e-01 2.014480337259870815e-02
5.864306286700947446e+00 0.000000000000000000e+00 2.419548654980434657e-02
5.864306286700947446e+00 2.418399152312291633e-01 1.878131105789697733e-02
5.864306286700947446e+00 4.836798304624583267e-01 1.091573158393812845e-02
5.864306286700947446e+00 7.255197456936870459e-01 5.497738475661788013e-03
5.864306286700947446e+00 9.673596609249162093e-01 2.160712359993554894e-03
5.864306286700947446e+00 1.209199576156145373e+00 -1.704231081628872275e-05
5.864306286700947446e+00 1.451039491387374536e+00 -1.676617941675305479e-03
5.864306286700947446e+00 1.692879406618603699e+00 -3.128046727315997571e-03
5.864306286700947446e+00 1.934719321849831974e+00 -4.481084369696471982e-03
5.864306286700947446e+00 2.176559237081062026e+00 -5.677985943980308828e-03
5.864306286700947446e+00 2.418399152312291189e+00 -6.503283254727170240e-03
5.864306286700947446e+00 2.660239067543520353e+00 -6.790215840889192098e-03
5.864306286700947446e+00 2.902078982774749516e+00 -6.650375391974315889e-03
5.864306286700947446e+00 3.143918898005977791e+00 -6.344692133476433765e-03
5.864306286700947446e+00 3.385758813237206954e+00 -6.033148924318284569e-03
5.864306286700947446e+00 3.627598728468436118e+00 -5.799572824114291800e-03
6.073745796940266395e+00 -3.506678770852821536e+00 -5.832802978079460951e-03
6.073745796940266395e+00 -3.264838855621592373e+00 -5.665365449979599920e-03
6.073745796940266395e+00 -3.022998940390363209e+00 -5.525572820099249223e-03
6.073745796940266395e+00 -2.781159025159134046e+00 -5.208489677782808351e-03
6.073745796940266395e+00 -2.539319109927905327e+00 -4.617859463275628129e-03
6.073745796940266395e+00 -2.297479194696676164e+00 -3.877627936444677254e-03
6.073745796940266395e+00 -2.055639279465447000e+00 -2.980746121282329929e-03
6.073745796940266395e+00 -1.813799364234218059e+00 -1.909722823848649005e-03
6.073745796940266395e+00 -1.571959449002988896e+00 -8.798587370332775805e-04
6.073745796940266395e+00 -1.330119533771759954e+00 2.298048021068908192e-04
6.073745796940266395e+00 -1.088279618540530791e+00 1.792785516596658328e-03
6.073745796940266395e+00 -8.464397033093020717e-01 4.453668384454961826e-03
6.073745796940266395e+00 -6.045997880780724643e-01 9.048333291912024484e-03
6.073745796940266395e+00 -3.627598728468433009e-01 1.607169993847400169e-02
6.073745796940266395e+00 -1.209199576156145817e-01 2.283662891493164898e-02
6.073745796940266395e+00 1.209199576156145817e-01 2.183818581012568136e-02
6.073745796940266395e+00 3.627598728468437450e-01 1.432740336477274050e-02
6.073745796940266395e+00 6.045997880780724643e-01 7.716515437469466214e-03
6.073745796940266395e+00 8.464397033093016276e-01 3.556628684491517766e-03
6.073745796940266395e+00 1.088279618540530791e+00 1.043620231561520053e-03
6.073745796940266395e+00 1.330119533771759954e+00 -6.140941630224317415e-04
6.073745796940266395e+00 1.571959449002989118e+00 -1.934663612486256469e-03
6.073745796940266395e+00 1.813799364234217393e+00 -3.165522656686893272e-03
6.073745796940266395e+00 2.055639279465447444e+00 -4.395454387003907247e-03
6.073745796940266395e+00 2.297479194696676608e+00 -5.530765091679099195e-03
6.073745796940266395e+00 2.539319109927905771e+00 -6.327184982992456116e-03
6.073745796940266395e+00 2.781159025159134934e+00 -6.666666763436819750e-03
6.073745796940266395e+00 3.022998940390363209e+00 -6.657008606445202932e-03
6.073745796940266395e+00 3.264838855621592373e+00 -6.447072356992289768e-03
6.073745796940266395e+00 3.506678770852821536e+00 -6.129255594026331716e-03
