0.000000000000000000e+00 0.000000000000000000e+00 -5.540593052422458642e-03
0.000000000000000000e+00 2.418399152312290801e-01 -5.234761214884285814e-03
0.000000000000000000e+00 4.836798304624581601e-01 -5.079984357127085778e-03
0.000000000000000000e+00 7.255197456936872680e-01 -4.892740854508181685e-03
0.000000000000000000e+00 9.673596609249163203e-01 -4.542868848372236430e-03
0.000000000000000000e+00 1.209199576156145373e+00 -4.071105773882286588e-03
0.000000000000000000e+00 1.451039491387374536e+00 -3.527691331874987461e-03
0.000000000000000000e+00 1.692879406618603477e+00 -2.824843279215227820e-03
0.000000000000000000e+00 1.934719321849832641e+00 -2.088002898132566842e-03
0.000000000000000000e+00 2.176559237081061582e+00 -1.354340044461625021e-03
0.000000000000000000e+00 2.418399152312290745e+00 -4.684143037238778129e-04
0.000000000000000000e+00 2.660239067543519464e+00 8.988373803740503862e-04
0.000000000000000000e+00 2.902078982774749072e+00 3.031287636568901454e-03
0.000000000000000000e+00 3.143918898005978235e+00 6.069042511249205483e-03
0.000000000000000000e+00 3.385758813237206954e+00 9.845514357544276826e-03
0.000000000000000000e+00 3.627598728468436118e+00 1.179988162286724207e-02
0.000000000000000000e+00 3.869438643699665281e+00 9.587487710868617882e-03
0.000000000000000000e+00 4.111278558930894000e+00 6.025782712746131572e-03
0.000000000000000000e+00 4.353118474162123164e+00 3.041028627630807876e-03
0.000000000000000000e+00 4.594958389393352327e+00 8.022629166502644659e-04
0.000000000000000000e+00 4.836798304624581490e+00 -7.808146336435180896e-04
0.000000000000000000e+00 5.078638219855810654e+00 -1.940295197237646005e-03
0.000000000000000000e+00 5.320478135087038929e+00 -2.950559264452248462e-03
0.000000000000000000e+00 5.562318050318268980e+00 -3.921762095339133801e-03
0.000000000000000000e+00 5.804157965549498144e+00 -4.864744652886622209e-03
0.000000000000000000e+00 6.045997880780727307e+00 -5.635248559150817481e-03
0.000000000000000000e+00 6.287837796011956470e+00 -6.112741347244935591e-03
0.000000000000000000e+00 6.529677711243184746e+00 -6.289895922689884775e-03
0.000000000000000000e+00 6.771517626474413909e+00 -6.219991007635923379e-03
0.000000000000000000e+00 7.013357541705643072e+00 -5.942237420834327842e-03
2.094395102393195318e-01 -1.209199576156145400e-01 -5.936663334755377941e-03
2.094395102393195318e-01 1.209199576156145400e-01 -5.425745034537435459e-03
2.094395102393195318e-01 3.627598728468436340e-01 -5.011597335624717701e-03
2.094395102393195318e-01 6.045997880780726863e-01 -4.670945906106796497e-03
2.094395102393195318e-01 8.464397033093017386e-01 -4.256923982583346415e-03
2.094395102393195318e-01 1.088279618540530791e+00 -3.734194757136214977e-03
2.094395102393195318e-01 1.330119533771759954e+00 -3.224050179955774680e-03
2.094395102393195318e-01 1.571959449002988896e+00 -2.722906340779834237e-03
2.094395102393195318e-01 1.813799364234218059e+00 -2.196156100778693873e-03
2.094395102393195318e-01 2.055639279465447000e+00 -1.674032846658958648e-03
2.094395102393195318e-01 2.297479194696676164e+00 -1.015633274498687396e-03
2.094395102393195318e-01 2.539319109927904883e+00 4.313345516533595225e-05
2.094395102393195318e-01 2.781159025159134490e+00 1.816502067231140580e-03
2.094395102393195318e-01 3.022998940390363654e+00 4.637854940622072701e-03
2.094395102393195318e-01 3.264838855621592373e+00 8.825980344718530393e-03
2.094395102393195318e-01 3.506678770852821536e+00 1.300164381011596065e-02
2.094395102393195318e-01 3.748518686084050699e+00 1.262549291864185561e-02
2.094395102393195318e-01 3.990358601315279419e+00 8.640229269967549322e-03
2.094395102393195318e-01 4.232198516546509026e+00 4.882725620968963835e-03
2.094395102393195318e-01 4.474038431777738190e+00 2.111757947609827542e-03
2.094395102393195318e-01 4.715878347008967353e+00 1.419480161238889301e-04
2.094395102393195318e-01 4.957718262240196516e+00 -1.209976476202098347e-03
2.094395102393195318e-01 5.199558177471424791e+00 -2.144027642942940813e-03
2.094395102393195318e-01 5.441398092702654843e+00 -2.941520706124866030e-03
2.094395102393195318e-01 5.683238007933884006e+00 -3.818725814968527803e-03
2.094395102393195318e-01 5.925077923165113170e+00 -4.707445040669964130e-03
2.094395102393195318e-01 6.166917838396342333e+00 -5.417728591447338281e-03
2.094395102393195318e-01 6.408757753627570608e+00 -5.935713781360717027e-03
2.094395102393195318e-01 6.650597668858799771e+00 -6.241277146341406810e-03
2.094395102393195318e-01 6.892437584090028935e+00 -6.266461775485308860e-03
4.188790204786390636e-01 -2.418399152312290801e-01 -6.383971584214651919e-03
4.188790204786390636e-01 0.000000000000000000e+00 -5.871160133174664272e-03
4.188790204786390636e-01 2.418399152312290801e-01 -5.248720438210152314e-03
4.188790204786390636e-01 4.836798304624582157e-01 -4.709703053836358094e-03
4.188790204786390636e-01 7.255197456936872680e-01 -4.146643379697922613e-03
4.188790204786390636e-01 9.673596609249163203e-01 -3.490174507571787519e-03
4.188790204786390636e-01 1.209199576156145373e+00 -2.852561335267566299e-03
4.188790204786390636e-01 1.451039491387374314e+00 -2.384612366308241048e-03
4.188790204786390636e-01 1.692879406618603477e+00 -1.995476713353927078e-03
4.188790204786390636e-01 1.934719321849832419e+00 -1.635657343961852053e-03
4.188790204786390636e-01 2.176559237081061582e+00 -1.228665639459516467e-03
4.188790204786390636e-01 2.418399152312290301e+00 -6.093208893158103380e-04
4.188790204786390636e-01 2.660239067543519909e+00 5.369870291438166464e-04
4.188790204786390636e-01 2.902078982774749072e+00 2.738222489553891574e-03
4.188790204786390636e-01 3.143918898005977791e+00 6.676975437710556960e-03
4.188790204786390636e-01 3.385758813237206954e+00 1.254189638555741441e-02
4.188790204786390636e-01 3.627598728468436118e+00 1.544618220415861984e-02
4.188790204786390636e-01 3.869438643699664837e+00 1.177091811267871706e-02
4.188790204786390636e-01 4.111278558930894000e+00 6.931141586674885793e-03
4.188790204786390636e-01 4.353118474162123164e+00 3.448337954852423361e-03
4.188790204786390636e-01 4.594958389393352327e+00 1.184324168414424821e-03
4.188790204786390636e-01 4.836798304624581490e+00 -3.068389416208970101e-04
4.188790204786390636e-01 5.078638219855809766e+00 -1.338739683758378507e-03
4.188790204786390636e-01 5.320478135087039817e+00 -2.054804088197888581e-03
4.188790204786390636e-01 5.562318050318268980e+00 -2.750983587948106247e-03
4.188790204786390636e-01 5.804157965549498144e+00 -3.655817349396808368e-03
4.188790204786390636e-01 6.045997880780727307e+00 -4.564811216538404610e-03
4.188790204786390636e-01 6.287837796011955582e+00 -5.341936419255916696e-03
4.188790204786390636e-01 6.529677711243184746e+00 -5.996805438774410919e-03
4.188790204786390636e-01 6.771517626474413909e+00 -6.414893807726438323e-03
6.283185307179586232e-01 -3.627598728468436340e-01 -6.688013702269472206e-03
6.283185307179586232e-01 -1.209199576156145539e-01 -6.397871145876847347e-03
6.283185307179586232e-01 1.209199576156145262e-01 -5.668485528199948206e-03
6.283185307179586232e-01 3.627598728468436340e-01 -4.964472211287525825e-03
6.283185307179586232e-01 6.045997880780726863e-01 -4.250728536440781177e-03
6.283185307179586232e-01 8.464397033093017386e-01 -3.425299272760236411e-03
6.283185307179586232e-01 1.088279618540530791e+00 -2.585559882538935889e-03
6.283185307179586232e-01 1.330119533771759954e+00 -1.971295296518724583e-03
6.283185307179586232e-01 1.571959449002989118e+00 -1.626555083934006244e-03
6.283185307179586232e-01 1.813799364234217837e+00 -1.376069272355606330e-03
6.283185307179586232e-01 2.055639279465447000e+00 -1.180107251269200226e-03
6.283185307179586232e-01 2.297479194696675719e+00 -9.750654909469629907e-04
6.283185307179586232e-01 2.539319109927905327e+00 -4.762435948786776225e-04
6.283185307179586232e-01 2.781159025159134490e+00 8.979128387003778699e-04
6.283185307179586232e-01 3.022998940390363209e+00 4.036682133873748662e-03
6.283185307179586232e-01 3.264838855621592373e+00 1.042267984503922676e-02
6.283185307179586232e-01 3.506678770852821536e+00 1.724857410610139419e-02
6.283185307179586232e-01 3.748518686084050255e+00 1.574455764772253810e-02
6.283185307179586232e-01 3.990358601315279419e+00 9.468746414728817368e-03
6.283185307179586232e-01 4.232198516546509026e+00 4.904242482191474746e-03
6.283185307179586232e-01 4.474038431777738190e+00 2.086763532350259954e-03
6.283185307179586232e-01 4.715878347008967353e+00 4.280658275592585222e-04
6.283185307179586232e-01 4.957718262240195628e+00 -5.609746637637963136e-04
6.283185307179586232e-01 5.199558177471425680e+00 -1.266265025573161569e-03
6.283185307179586232e-01 5.441398092702654843e+00 -1.837413833279046439e-03
6.283185307179586232e-01 5.683238007933884006e+00 -2.557475654426464868e-03
6.283185307179586232e-01 5.925077923165113170e+00 -3.523270784492675903e-03
6.283185307179586232e-01 6.166917838396341445e+00 -4.485742512677300814e-03
6.283185307179586232e-01 6.408757753627570608e+00 -5.425571822871263876e-03
6.283185307179586232e-01 6.650597668858799771e+00 -6.264148629825965452e-03
8.377580409572781273e-01 -4.836798304624581601e-01 -6.664629905738524152e-03
8.377580409572781273e-01 -2.418399152312290801e-01 -6.851333993086830901e-03
8.377580409572781273e-01 0.000000000000000000e+00 -6.158161320705670023e-03
8.377580409572781273e-01 2.418399152312291078e-01 -5.301777859633582772e-03
8.377580409572781273e-01 4.836798304624581601e-01 -4.519692858570436601e-03
8.377580409572781273e-01 7.255197456936872680e-01 -3.607501572311431256e-03
8.377580409572781273e-01 9.673596609249164313e-01 -2.599191398401456184e-03
8.377580409572781273e-01 1.209199576156145373e+00 -1.739412020432942307e-03
8.377580409572781273e-01 1.451039491387374536e+00 -1.247907496874342591e-03
8.377580409572781273e-01 1.692879406618603477e+00 -1.058325606663327581e-03
8.377580409572781273e-01 1.934719321849832641e+00 -1.032280205802787142e-03
8.377580409572781273e-01 2.176559237081061138e+00 -1.089339714874934138e-03
8.377580409572781273e-01 2.418399152312290745e+00 -1.031231221201731703e-03
8.377580409572781273e-01 2.660239067543519909e+00 -4.935244460343260779e-04
8.377580409572781273e-01 2.902078982774748628e+00 1.500496825873447139e-03
8.377580409572781273e-01 3.143918898005977791e+00 7.161239295167289715e-03
8.377580409572781273e-01 3.385758813237206954e+00 1.683480832957141501e-02
8.377580409572781273e-01 3.627598728468435674e+00 2.052652555789280520e-02
8.377580409572781273e-01 3.869438643699664837e+00 1.323538471276870104e-02
8.377580409572781273e-01 4.111278558930894000e+00 6.260393430833864625e-03
8.377580409572781273e-01 4.353118474162123164e+00 2.859774989943990320e-03
8.377580409572781273e-01 4.594958389393352327e+00 1.082750249228612736e-03
8.377580409572781273e-01 4.836798304624580602e+00 -2.804986398393172274e-05
8.377580409572781273e-01 5.078638219855810654e+00 -6.805423824758754245e-04
8.377580409572781273e-01 5.320478135087039817e+00 -1.137811806628711382e-03
8.377580409572781273e-01 5.562318050318268980e+00 -1.682780837815569999e-03
8.377580409572781273e-01 5.804157965549498144e+00 -2.548377592126712353e-03
8.377580409572781273e-01 6.045997880780726419e+00 -3.544089985199151693e-03
8.377580409572781273e-01 6.287837796011955582e+00 -4.572073400999024199e-03
8.377580409572781273e-01 6.529677711243184746e+00 -5.707843669111848164e-03
1.047197551196597631e+00 -6.045997880780726863e-01 -6.179041379632261959e-03
1.047197551196597631e+00 -3.627598728468436340e-01 -7.007252783264251474e-03
1.047197551196597631e+00 -1.209199576156145262e-01 -6.647936313270192028e-03
1.047197551196597631e+00 1.209199576156145817e-01 -5.636623423869066909e-03
1.047197551196597631e+00 3.627598728468436340e-01 -4.809159187325775901e-03
1.047197551196597631e+00 6.045997880780726863e-01 -3.953675205787288496e-03
1.047197551196597631e+00 8.464397033093018496e-01 -2.878404732655752678e-03
1.047197551196597631e+00 1.088279618540530791e+00 -1.798089690066770547e-03
1.047197551196597631e+00 1.330119533771759954e+00 -1.007515358110313815e-03
1.047197551196597631e+00 1.571959449002988896e+00 -7.147131488922006106e-04
1.047197551196597631e+00 1.813799364234218059e+00 -8.007522579925032899e-04
1.047197551196597631e+00 2.055639279465446556e+00 -1.013253456107924416e-03
1.047197551196597631e+00 2.297479194696676608e+00 -1.237551859877398163e-03
1.047197551196597631e+00 2.539319109927905771e+00 -1.334265335293709958e-03
1.047197551196597631e+00 2.781159025159134046e+00 -4.860186907927224569e-04
1.047197551196597631e+00 3.022998940390363209e+00 3.680912919074784753e-03
1.047197551196597631e+00 3.264838855621592373e+00 1.395853300760409657e-02
1.047197551196597631e+00 3.506678770852821536e+00 2.456106904343993702e-02
1.047197551196597631e+00 3.748518686084050699e+00 2.047523808750544363e-02
1.047197551196597631e+00 3.990358601315279863e+00 9.074962648887737598e-03
1.047197551196597631e+00 4.232198516546509026e+00 2.932296726898630298e-03
1.047197551196597631e+00 4.474038431777738190e+00 1.133411111391601639e-03
1.047197551196597631e+00 4.715878347008966465e+00 3.946808853439390122e-04
1.047197551196597631e+00 4.957718262240196516e+00 -2.194741922171246969e-04
1.047197551196597631e+00 5.199558177471425680e+00 -6.552150690094786945e-04
1.047197551196597631e+00 5.441398092702654843e+00 -1.002314930058508967e-03
1.047197551196597631e+00 5.683238007933884006e+00 -1.701627709822159211e-03
1.047197551196597631e+00 5.925077923165112281e+00 -2.717441959618001075e-03
1.047197551196597631e+00 6.166917838396341445e+00 -3.728342898900270565e-03
1.047197551196597631e+00 6.408757753627570608e+00 -4.872445178013017075e-03
1.256637061435917246e+00 -7.255197456936872680e-01 -5.372548053833497116e-03
1.256637061435917246e+00 -4.836798304624582157e-01 -6.712225891696761183e-03
1.256637061435917246e+00 -2.418399152312291078e-01 -7.002168496188351278e-03
1.256637061435917246e+00 0.000000000000000000e+00 -6.014473411251436766e-03
1.256637061435917246e+00 2.418399152312290523e-01 -5.022123338068828872e-03
1.256637061435917246e+00 4.836798304624581046e-01 -4.289918911463158624e-03
1.256637061435917246e+00 7.255197456936872680e-01 -3.287206679015357378e-03
1.256637061435917246e+00 9.673596609249162093e-01 -2.073751289253253274e-03
1.256637061435917246e+00 1.209199576156145373e+00 -1.017615602641755868e-03
1.256637061435917246e+00 1.451039491387374314e+00 -4.117059656467628040e-04
1.256637061435917246e+00 1.692879406618603477e+00 -4.138999767414548768e-04
1.256637061435917246e+00 1.934719321849832196e+00 -7.301293097351031682e-04
1.256637061435917246e+00 2.176559237081061582e+00 -1.142117533681940439e-03
1.256637061435917246e+00 2.418399152312290745e+00 -1.558241867271297669e-03
1.256637061435917246e+00 2.660239067543519909e+00 -1.504092605788832568e-03
1.256637061435917246e+00 2.902078982774749072e+00 1.162355382416910971e-03
1.256637061435917246e+00 3.143918898005978235e+00 1.020981581824674002e-02
1.256637061435917246e+00 3.385758813237206510e+00 2.554178325948721490e-02
1.256637061435917246e+00 3.627598728468435674e+00 3.071586269603815769e-02
1.256637061435917246e+00 3.869438643699664837e+00 1.728872139166067953e-02
1.256637061435917246e+00 4.111278558930894000e+00 5.172730509559349092e-03
1.256637061435917246e+00 4.353118474162123164e+00 7.098496661628460498e-04
1.256637061435917246e+00 4.594958389393351439e+00 1.609061105662366886e-04
1.256637061435917246e+00 4.836798304624581490e+00 1.015219826282333718e-04
1.256637061435917246e+00 5.078638219855810654e+00 -1.761102383384072711e-04
1.256637061435917246e+00 5.320478135087039817e+00 -4.621565621046879076e-04
1.256637061435917246e+00 5.562318050318268980e+00 -9.021837780801521527e-04
1.256637061435917246e+00 5.804157965549497256e+00 -1.856353232037282006e-03
1.256637061435917246e+00 6.045997880780726419e+00 -2.953033365280566518e-03
1.256637061435917246e+00 6.287837796011955582e+00 -4.038468689380929864e-03
1.466076571675236861e+00 -8.464397033093017386e-01 -4.430440710103976387e-03
1.466076571675236861e+00 -6.045997880780726863e-01 -5.967318290471163716e-03
1.466076571675236861e+00 -3.627598728468435785e-01 -7.021888544656691711e-03
1.466076571675236861e+00 -1.209199576156144706e-01 -6.504688288591864605e-03
1.466076571675236861e+00 1.209199576156145817e-01 -5.262333811614181359e-03
1.466076571675236861e+00 3.627598728468436340e-01 -4.480587858826915251e-03
1.466076571675236861e+00 6.045997880780727973e-01 -3.667452371204766876e-03
1.466076571675236861e+00 8.464397033093017386e-01 -2.452977317038509877e-03
1.466076571675236861e+00 1.088279618540530791e+00 -1.205844882521879113e-03
1.466076571675236861e+00 1.330119533771759954e+00 -2.648063582259865519e-04
1.466076571675236861e+00 1.571959449002989118e+00 8.809833643785223685e-05
1.466076571675236861e+00 1.813799364234217837e+00 -1.671192107005775064e-04
1.466076571675236861e+00 2.055639279465447444e+00 -6.562528358993704103e-04
1.466076571675236861e+00 2.297479194696676608e+00 -1.095519678085981772e-03
1.466076571675236861e+00 2.539319109927905327e+00 -1.193941052038218148e-03
1.466076571675236861e+00 2.781159025159134490e+00 5.552344107913409835e-04
1.466076571675236861e+00 3.022998940390363654e+00 7.635953143471792617e-03
1.466076571675236861e+00 3.264838855621592373e+00 2.358927485628531037e-02
1.466076571675236861e+00 3.506678770852821536e+00 3.996598781460398292e-02
1.466076571675236861e+00 3.748518686084050699e+00 3.207868605631514214e-02
1.466076571675236861e+00 3.990358601315279863e+00 1.335702371266330249e-02
1.466076571675236861e+00 4.232198516546509026e+00 3.272072085346282126e-03
1.466076571675236861e+00 4.474038431777737301e+00 3.917048779018872970e-04
1.466076571675236861e+00 4.715878347008967353e+00 2.173799680203265968e-04
1.466076571675236861e+00 4.957718262240196516e+00 3.488861070053529494e-04
1.466076571675236861e+00 5.199558177471425680e+00 1.540718026356673845e-04
1.466076571675236861e+00 5.441398092702654843e+00 -1.033185775268300453e-04
1.466076571675236861e+00 5.683238007933883118e+00 -8.340214817006242698e-04
1.466076571675236861e+00 5.925077923165112281e+00 -1.988476534462527926e-03
1.466076571675236861e+00 6.166917838396341445e+00 -3.174160370395841691e-03
1.675516081914556255e+00 -9.673596609249163203e-01 -3.309485661689281089e-03
1.675516081914556255e+00 -7.255197456936872680e-01 -4.809224680623073490e-03
1.675516081914556255e+00 -4.836798304624581601e-01 -6.396361925162031767e-03
1.675516081914556255e+00 -2.418399152312290523e-01 -6.826094198013159253e-03
1.675516081914556255e+00 0.000000000000000000e+00 -5.745934971568380720e-03
1.675516081914556255e+00 2.418399152312290523e-01 -4.622141547190080323e-03
1.675516081914556255e+00 4.836798304624582157e-01 -3.859048169655392071e-03
1.675516081914556255e+00 7.255197456936871570e-01 -2.793799943011690025e-03
1.675516081914556255e+00 9.673596609249163203e-01 -1.432718131763682139e-03
1.675516081914556255e+00 1.209199576156145373e+00 -2.202766405203605089e-04
1.675516081914556255e+00 1.451039491387374536e+00 5.425272647968858121e-04
1.675516081914556255e+00 1.692879406618603255e+00 6.256218812662119478e-04
1.675516081914556255e+00 1.934719321849832863e+00 2.394271118725958326e-04
1.675516081914556255e+00 2.176559237081062026e+00 -9.567666661064225231e-05
1.675516081914556255e+00 2.418399152312290745e+00 1.161085964744289786e-04
1.675516081914556255e+00 2.660239067543519909e+00 1.653884664438129513e-03
1.675516081914556255e+00 2.902078982774749072e+00 7.338569906702880827e-03
1.675516081914556255e+00 3.143918898005977791e+00 2.176102030906868975e-02
1.675516081914556255e+00 3.385758813237206954e+00 4.504253661571130940e-02
1.675516081914556255e+00 3.627598728468436118e+00 5.166527776792387283e-02
1.675516081914556255e+00 3.869438643699665281e+00 3.042645443061232913e-02
1.675516081914556255e+00 4.111278558930894000e+00 1.168795540389073323e-02
1.675516081914556255e+00 4.353118474162122276e+00 3.657313108184060812e-03
1.675516081914556255e+00 4.594958389393352327e+00 1.383641715218904191e-03
1.675516081914556255e+00 4.836798304624581490e+00 1.100935843250788792e-03
1.675516081914556255e+00 5.078638219855810654e+00 1.054317292576817085e-03
1.675516081914556255e+00 5.320478135087039817e+00 8.196362631133191070e-04
1.675516081914556255e+00 5.562318050318268092e+00 3.735384308458686666e-04
1.675516081914556255e+00 5.804157965549497256e+00 -6.712070895817743438e-04
1.675516081914556255e+00 6.045997880780726419e+00 -1.981281770105906229e-03
1.884955592153875870e+00 -1.088279618540530791e+00 -1.778786885550622497e-03
1.884955592153875870e+00 -8.464397033093017386e-01 -3.269812519002200570e-03
1.884955592153875870e+00 -6.045997880780726863e-01 -4.973044044689093821e-03
1.884955592153875870e+00 -3.627598728468435230e-01 -6.302020403551295870e-03
1.884955592153875870e+00 -1.209199576156144706e-01 -6.108821788753470046e-03
1.884955592153875870e+00 1.209199576156145817e-01 -4.928783968805827177e-03
1.884955592153875870e+00 3.627598728468437450e-01 -3.873205007436666958e-03
1.884955592153875870e+00 6.045997880780726863e-01 -2.885936824962837596e-03
1.884955592153875870e+00 8.464397033093018496e-01 -1.557389918321470685e-03
1.884955592153875870e+00 1.088279618540530791e+00 -1.663708196173794673e-04
1.884955592153875870e+00 1.330119533771759954e+00 9.077295943281014044e-04
1.884955592153875870e+00 1.571959449002988674e+00 1.454229419718961001e-03
1.884955592153875870e+00 1.813799364234218281e+00 1.444106333322847961e-03
1.884955592153875870e+00 2.055639279465447444e+00 1.332662474618582582e-03
1.884955592153875870e+00 2.297479194696676164e+00 2.026454015600484895e-03
1.884955592153875870e+00 2.539319109927905327e+00 4.158775945180335880e-03
1.884955592153875870e+00 2.781159025159134490e+00 9.746271221279429603e-03
1.884955592153875870e+00 3.022998940390363209e+00 2.304845940008320992e-02
1.884955592153875870e+00 3.264838855621592373e+00 4.699162992035005315e-02
1.884955592153875870e+00 3.506678770852821536e+00 6.691396492275360208e-02
1.884955592153875870e+00 3.748518686084050699e+00 5.619044324181382555e-02
1.884955592153875870e+00 3.990358601315279863e+00 3.071991474052928120e-02
1.884955592153875870e+00 4.232198516546508138e+00 1.372520183634714543e-02
1.884955592153875870e+00 4.474038431777738190e+00 6.028451351814762861e-03
1.884955592153875870e+00 4.715878347008967353e+00 3.251441011981317294e-03
1.884955592153875870e+00 4.957718262240196516e+00 2.555433590648039776e-03
1.884955592153875870e+00 5.199558177471425680e+00 2.154248964275485949e-03
1.884955592153875870e+00 5.441398092702653955e+00 1.764536024576986639e-03
1.884955592153875870e+00 5.683238007933883118e+00 9.368260371634889528e-04
1.884955592153875870e+00 5.925077923165112281e+00 -3.456098623448883994e-04
2.094395102393195263e+00 -1.209199576156145373e+00 9.230125000014230148e-05
2.094395102393195263e+00 -9.673596609249163203e-01 -1.413121181683313398e-03
2.094395102393195263e+00 -7.255197456936872680e-01 -3.015954002236143506e-03
2.094395102393195263e+00 -4.836798304624581046e-01 -4.685695850405171767e-03
2.094395102393195263e+00 -2.418399152312290523e-01 -5.487563812616546091e-03
2.094395102393195263e+00 0.000000000000000000e+00 -4.971775726419338202e-03
2.094395102393195263e+00 2.418399152312291633e-01 -3.836093254341650660e-03
2.094395102393195263e+00 4.836798304624581046e-01 -2.692162880951874063e-03
2.094395102393195263e+00 7.255197456936872680e-01 -1.467294058514990876e-03
2.094395102393195263e+00 9.673596609249162093e-01 -6.977316326887222865e-05
2.094395102393195263e+00 1.209199576156145373e+00 1.217445280003595772e-03
2.094395102393195263e+00 1.451039491387374092e+00 2.189920595900571657e-03
2.094395102393195263e+00 1.692879406618603699e+00 2.736596004113895416e-03
2.094395102393195263e+00 1.934719321849832863e+00 3.114945637161785612e-03
2.094395102393195263e+00 2.176559237081061582e+00 4.355249488319104176e-03
2.094395102393195263e+00 2.418399152312290745e+00 7.707913926497754649e-03
2.094395102393195263e+00 2.660239067543519909e+00 1.417704926040643486e-02
2.094395102393195263e+00 2.902078982774748628e+00 2.674455427465989577e-02
2.094395102393195263e+00 3.143918898005977791e+00 4.626129978538365967e-02
2.094395102393195263e+00 3.385758813237206954e+00 6.448216041308979518e-02
2.094395102393195263e+00 3.627598728468436118e+00 6.696997829783819800e-02
2.094395102393195263e+00 3.869438643699665281e+00 5.223705982308825269e-02
2.094395102393195263e+00 4.111278558930893112e+00 3.284509031626723502e-02
2.094395102393195263e+00 4.353118474162123164e+00 1.812697095168292263e-02
2.094395102393195263e+00 4.594958389393353215e+00 9.838241180721716411e-03
2.094395102393195263e+00 4.836798304624581490e+00 5.995159726257229607e-03
2.094395102393195263e+00 5.078638219855811542e+00 4.433326562661538475e-03
2.094395102393195263e+00 5.320478135087039817e+00 3.580935606383452933e-03
2.094395102393195263e+00 5.562318050318268092e+00 2.776417817498619788e-03
2.094395102393195263e+00 5.804157965549498144e+00 1.550505052858180272e-03
2.303834612632514656e+00 -1.330119533771759732e+00 2.091835031596618339e-03
2.303834612632514656e+00 -1.088279618540530569e+00 5.170932733436284841e-04
2.303834612632514656e+00 -8.464397033093016276e-01 -9.966548218388509087e-04
2.303834612632514656e+00 -6.045997880780724643e-01 -2.570921220114997727e-03
2.303834612632514656e+00 -3.627598728468434119e-01 -3.848632839833160315e-03
2.303834612632514656e+00 -1.209199576156143596e-01 -4.062763287849083596e-03
2.303834612632514656e+00 1.209199576156148037e-01 -3.436319509280433542e-03
2.303834612632514656e+00 3.627598728468437450e-01 -2.355810726865196353e-03
2.303834612632514656e+00 6.045997880780729083e-01 -1.186655258658254105e-03
2.303834612632514656e+00 8.464397033093018496e-01 6.957063754064435443e-05
2.303834612632514656e+00 1.088279618540531013e+00 1.434299728828500146e-03
2.303834612632514656e+00 1.330119533771759732e+00 2.747916155832492730e-03
2.303834612632514656e+00 1.571959449002989340e+00 3.866182981498134195e-03
2.303834612632514656e+00 1.813799364234218503e+00 4.903172778390548110e-03
2.303834612632514656e+00 2.055639279465447444e+00 6.760008757154702293e-03
2.303834612632514656e+00 2.297479194696676608e+00 1.112409694404193662e-02
2.303834612632514656e+00 2.539319109927905771e+00 1.840198670262933531e-02
2.303834612632514656e+00 2.781159025159134046e+00 2.872624800810509929e-02
2.303834612632514656e+00 3.022998940390363209e+00 3.982535737308967594e-02
2.303834612632514656e+00 3.264838855621592373e+00 4.614416970204671120e-02
2.303834612632514656e+00 3.506678770852821536e+00 4.674070280558310225e-02
2.303834612632514656e+00 3.748518686084050699e+00 4.511178283218824497e-02
2.303834612632514656e+00 3.990358601315278975e+00 4.067207173878939486e-02
2.303834612632514656e+00 4.232198516546509026e+00 3.183746251884424922e-02
2.303834612632514656e+00 4.474038431777738190e+00 2.169239265833554711e-02
2.303834612632514656e+00 4.715878347008967353e+00 1.374306963104424996e-02
2.303834612632514656e+00 4.957718262240196516e+00 8.864225981136016064e-03
2.303834612632514656e+00 5.199558177471424791e+00 6.363337751635753797e-03
2.303834612632514656e+00 5.441398092702653955e+00 4.977565536201433716e-03
2.303834612632514656e+00 5.683238007933883118e+00 3.643776931276989598e-03
2.513274122871834493e+00 -1.451039491387374536e+00 4.213628401137048569e-03
2.513274122871834493e+00 -1.209199576156145373e+00 2.418355110201752742e-03
2.513274122871834493e+00 -9.673596609249164313e-01 8.063121049823817298e-04
2.513274122871834493e+00 -7.255197456936872680e-01 -6.523703436800370016e-04
2.513274122871834493e+00 -4.836798304624582157e-01 -2.014113988418170329e-03
2.513274122871834493e+00 -2.418399152312291633e-01 -2.602658859461357867e-03
2.513274122871834493e+00 0.000000000000000000e+00 -2.370766427557162697e-03
2.513274122871834493e+00 2.418399152312289413e-01 -1.771762406183898441e-03
2.513274122871834493e+00 4.836798304624581046e-01 -8.357551378701758710e-04
2.513274122871834493e+00 7.255197456936870459e-01 2.263991902708419545e-04
2.513274122871834493e+00 9.673596609249162093e-01 1.498844093749941014e-03
2.513274122871834493e+00 1.209199576156144929e+00 3.030342107827990999e-03
2.513274122871834493e+00 1.451039491387374536e+00 4.641655141652962537e-03
2.513274122871834493e+00 1.692879406618603699e+00 6.346734916336334645e-03
2.513274122871834493e+00 1.934719321849832419e+00 8.804970763097639402e-03
2.513274122871834493e+00 2.176559237081061582e+00 1.337418629126162911e-02
2.513274122871834493e+00 2.418399152312290745e+00 1.985768466876225088e-02
2.513274122871834493e+00 2.660239067543519464e+00 2.595802395499866369e-02
2.513274122871834493e+00 2.902078982774748628e+00 2.887048723515167614e-02
2.513274122871834493e+00 3.143918898005977791e+00 2.702192162559195407e-02
2.513274122871834493e+00 3.385758813237206954e+00 2.326439497684367960e-02
2.513274122871834493e+00 3.627598728468436118e+00 2.192215523946836747e-02
2.513274122871834493e+00 3.869438643699664393e+00 2.398106205716195316e-02
2.513274122871834493e+00 4.111278558930894889e+00 2.655461764794387822e-02
2.513274122871834493e+00 4.353118474162123164e+00 2.617287255177945179e-02
2.513274122871834493e+00 4.594958389393353215e+00 2.204805931888084020e-02
2.513274122871834493e+00 4.836798304624581490e+00 1.609933456704217003e-02
2.513274122871834493e+00 5.078638219855809766e+00 1.100408424168201720e-02
2.513274122871834493e+00 5.320478135087039817e+00 7.959309015945176952e-03
2.513274122871834493e+00 5.562318050318268092e+00 6.022876479131532984e-03
2.722713633111154330e+00 -1.571959449002989118e+00 6.515655123573674268e-03
2.722713633111154330e+00 -1.330119533771759954e+00 4.325049658498458967e-03
2.722713633111154330e+00 -1.088279618540531013e+00 2.391014937779252156e-03
2.722713633111154330e+00 -8.464397033093018496e-01 8.302663361494472217e-04
2.722713633111154330e+00 -6.045997880780727973e-01 -5.851792747190915668e-04
2.722713633111154330e+00 -3.627598728468437450e-01 -1.440407732088438367e-03
2.722713633111154330e+00 -1.209199576156145817e-01 -1.162077849008526101e-03
2.722713633111154330e+00 1.209199576156143596e-01 -7.767141914835587902e-04
2.722713633111154330e+00 3.627598728468435230e-01 -3.988067993240353767e-04
2.722713633111154330e+00 6.045997880780724643e-01 3.377873827338017743e-04
2.722713633111154330e+00 8.464397033093016276e-01 1.326350141920618932e-03
2.722713633111154330e+00 1.088279618540530347e+00 2.873383368027955086e-03
2.722713633111154330e+00 1.330119533771759954e+00 4.879311410588097267e-03
2.722713633111154330e+00 1.571959449002989118e+00 7.141529332735980021e-03
2.722713633111154330e+00 1.813799364234217837e+00 9.947612199323512330e-03
2.722713633111154330e+00 2.055639279465447000e+00 1.378320591676694858e-02
2.722713633111154330e+00 2.297479194696676164e+00 1.775865217578041777e-02
2.722713633111154330e+00 2.539319109927904883e+00 1.953584555564240322e-02
2.722713633111154330e+00 2.781159025159134046e+00 1.826169506891787628e-02
2.722713633111154330e+00 3.022998940390363209e+00 1.467407618637263551e-02
2.722713633111154330e+00 3.264838855621592373e+00 1.055253635599922267e-02
2.722713633111154330e+00 3.506678770852821536e+00 8.100093352358153989e-03
2.722713633111154330e+00 3.748518686084049811e+00 8.426335790643489990e-03
2.722713633111154330e+00 3.990358601315279863e+00 1.137588393925530184e-02
2.722713633111154330e+00 4.232198516546509026e+00 1.576349475746696011e-02
2.722713633111154330e+00 4.474038431777738190e+00 1.907993798776208560e-02
2.722713633111154330e+00 4.715878347008967353e+00 1.899575471722290271e-02
2.722713633111154330e+00 4.957718262240195628e+00 1.577796921737973160e-02
2.722713633111154330e+00 5.199558177471424791e+00 1.189805658720110085e-02
2.722713633111154330e+00 5.441398092702653955e+00 8.907838134142873412e-03
2.932153143350473723e+00 -1.692879406618603477e+00 8.755451762357306655e-03
2.932153143350473723e+00 -1.451039491387374314e+00 6.095429988727626980e-03
2.932153143350473723e+00 -1.209199576156145373e+00 3.715444942993356616e-03
2.932153143350473723e+00 -9.673596609249162093e-01 1.806391447433046199e-03
2.932153143350473723e+00 -7.255197456936871570e-01 3.179543376292625050e-04
2.932153143350473723e+00 -4.836798304624581046e-01 -8.006213914332365768e-04
2.932153143350473723e+00 -2.418399152312289413e-01 -2.983408044764195824e-04
2.932153143350473723e+00 0.000000000000000000e+00 6.216171521524659549e-04
2.932153143350473723e+00 2.418399152312291633e-01 4.492826825127833358e-04
2.932153143350473723e+00 4.836798304624581046e-01 4.041458857012111719e-04
2.932153143350473723e+00 7.255197456936872680e-01 8.735594429611676266e-04
2.932153143350473723e+00 9.673596609249159872e-01 2.005404722334497899e-03
2.932153143350473723e+00 1.209199576156145595e+00 4.191826744388274170e-03
2.932153143350473723e+00 1.451039491387374758e+00 6.884658544996802992e-03
2.932153143350473723e+00 1.692879406618603477e+00 9.672893997402365676e-03
2.932153143350473723e+00 1.934719321849832641e+00 1.221128663575287224e-02
2.932153143350473723e+00 2.176559237081061582e+00 1.362835859779097658e-02
2.932153143350473723e+00 2.418399152312290745e+00 1.291331230275915599e-02
2.932153143350473723e+00 2.660239067543519909e+00 1.053124412159814338e-02
2.932153143350473723e+00 2.902078982774749072e+00 7.639876548622291132e-03
2.932153143350473723e+00 3.143918898005978235e+00 4.756949494421046538e-03
2.932153143350473723e+00 3.385758813237207399e+00 2.248157711865071424e-03
2.932153143350473723e+00 3.627598728468435674e+00 1.267410480347661884e-03
2.932153143350473723e+00 3.869438643699665725e+00 2.553682678301155955e-03
2.932153143350473723e+00 4.111278558930894889e+00 5.606357670270387117e-03
2.932153143350473723e+00 4.353118474162124052e+00 9.386626303300872609e-03
2.932153143350473723e+00 4.594958389393353215e+00 1.256674485343375371e-02
2.932153143350473723e+00 4.836798304624581490e+00 1.400886944996698920e-02
2.932153143350473723e+00 5.078638219855810654e+00 1.340400447543917996e-02
2.932153143350473723e+00 5.320478135087039817e+00 1.137505874848296523e-02
3.141592653589793116e+00 -1.813799364234218059e+00 8.987547857194431999e-03
3.141592653589793116e+00 -1.571959449002988896e+00 6.723342893442715851e-03
3.141592653589793116e+00 -1.330119533771759954e+00 4.187778061538542998e-03
3.141592653589793116e+00 -1.088279618540530791e+00 1.888564177726863953e-03
3.141592653589793116e+00 -8.464397033093017386e-01 2.932640230583312416e-05
3.141592653589793116e+00 -6.045997880780726863e-01 -8.895250987895939694e-04
3.141592653589793116e+00 -3.627598728468435230e-01 -3.136471562848797460e-04
3.141592653589793116e+00 -1.209199576156145817e-01 1.496828885478397164e-03
3.141592653589793116e+00 1.209199576156145817e-01 1.669620304941993446e-03
3.141592653589793116e+00 3.627598728468435230e-01 4.227521399625311827e-04
3.141592653589793116e+00 6.045997880780726863e-01 -3.342391983389186492e-04
3.141592653589793116e+00 8.464397033093014056e-01 -2.558294869314597323e-04
3.141592653589793116e+00 1.088279618540531013e+00 1.643235934117646567e-03
3.141592653589793116e+00 1.330119533771760176e+00 4.743606504856176867e-03
3.141592653589793116e+00 1.571959449002988896e+00 7.502567067059147214e-03
3.141592653589793116e+00 1.813799364234218059e+00 9.159860031419218493e-03
3.141592653589793116e+00 2.055639279465447444e+00 9.393213919945710838e-03
3.141592653589793116e+00 2.297479194696675719e+00 8.137024459494579184e-03
3.141592653589793116e+00 2.539319109927904883e+00 5.968912434139443841e-03
3.141592653589793116e+00 2.781159025159134046e+00 3.837453709068740573e-03
3.141592653589793116e+00 3.022998940390363209e+00 2.025790239844562583e-03
3.141592653589793116e+00 3.264838855621592373e+00 1.938546448240304929e-04
3.141592653589793116e+00 3.506678770852820648e+00 -1.018806094864889303e-03
3.141592653589793116e+00 3.748518686084050699e+00 -6.661192258774291299e-04
3.141592653589793116e+00 3.990358601315279863e+00 9.104107007114642814e-04
3.141592653589793116e+00 4.232198516546509026e+00 2.964521407792570454e-03
3.141592653589793116e+00 4.474038431777738190e+00 5.260839592985728889e-03
3.141592653589793116e+00 4.715878347008966465e+00 7.621050769152138554e-03
3.141592653589793116e+00 4.957718262240195628e+00 9.464162412904207275e-03
3.141592653589793116e+00 5.199558177471424791e+00 1.004015313863300222e-02
3.351032163829112509e+00 -1.934719321849832641e+00 6.430744780941201853e-03
3.351032163829112509e+00 -1.692879406618603477e+00 5.403621233249770138e-03
3.351032163829112509e+00 -1.451039491387374536e+00 3.212682841795331916e-03
3.351032163829112509e+00 -1.209199576156145373e+00 3.528161616724478813e-04
3.351032163829112509e+00 -9.673596609249163203e-01 -3.103432772251528068e-03
3.351032163829112509e+00 -7.255197456936872680e-01 -5.989419845176454163e-03
3.351032163829112509e+00 -4.836798304624581046e-01 -6.188865357469377007e-03
3.351032163829112509e+00 -2.418399152312291633e-01 -3.569685752197747624e-03
3.351032163829112509e+00 0.000000000000000000e+00 1.014830851129897937e-04
3.351032163829112509e+00 2.418399152312289413e-01 -2.986503403645089736e-03
3.351032163829112509e+00 4.836798304624581046e-01 -5.957878500219651943e-03
3.351032163829112509e+00 7.255197456936868239e-01 -6.602025809392545255e-03
3.351032163829112509e+00 9.673596609249164313e-01 -4.774781259847165130e-03
3.351032163829112509e+00 1.209199576156145595e+00 -2.717970724978219276e-04
3.351032163829112509e+00 1.451039491387374314e+00 3.527490978025258749e-03
3.351032163829112509e+00 1.692879406618603477e+00 5.412773787825966854e-03
3.351032163829112509e+00 1.934719321849832641e+00 5.878779222585231272e-03
3.351032163829112509e+00 2.176559237081061582e+00 5.203953954463312950e-03
3.351032163829112509e+00 2.418399152312290745e+00 3.710024706434127042e-03
3.351032163829112509e+00 2.660239067543519909e+00 1.980202430659578228e-03
3.351032163829112509e+00 2.902078982774749072e+00 5.389582672760978186e-04
3.351032163829112509e+00 3.143918898005978235e+00 -5.507145033653589429e-04
3.351032163829112509e+00 3.385758813237206510e+00 -1.339813138311949378e-03
3.351032163829112509e+00 3.627598728468436562e+00 -1.455942605106107365e-03
3.351032163829112509e+00 3.869438643699665725e+00 -8.592513860445542915e-04
3.351032163829112509e+00 4.111278558930894889e+00 7.059090506724162483e-05
3.351032163829112509e+00 4.353118474162124052e+00 1.302280767954211351e-03
3.351032163829112509e+00 4.594958389393352327e+00 2.949051291075362007e-03
3.351032163829112509e+00 4.836798304624581490e+00 4.731004199863294776e-03
3.351032163829112509e+00 5.078638219855810654e+00 6.081760965935299051e-03
3.560471674068431902e+00 -2.055639279465447000e+00 3.769234618172498212e-03
3.560471674068431902e+00 -1.813799364234217837e+00 3.695422108193962326e-03
3.560471674068431902e+00 -1.571959449002988896e+00 2.507828481871661637e-03
3.560471674068431902e+00 -1.330119533771759732e+00 -2.461316901659170030e-04
3.560471674068431902e+00 -1.088279618540530791e+00 -4.786726734038090555e-03
3.560471674068431902e+00 -8.464397033093016276e-01 -1.400676580575897778e-02
3.560471674068431902e+00 -6.045997880780724643e-01 -2.557042883933702618e-02
3.560471674068431902e+00 -3.627598728468435230e-01 -2.490804051020501647e-02
3.560471674068431902e+00 -1.209199576156143596e-01 -1.274513958256708393e-02
3.560471674068431902e+00 1.209199576156145817e-01 -1.171844638652242039e-02
3.560471674068431902e+00 3.627598728468437450e-01 -2.654529900071776749e-02
3.560471674068431902e+00 6.045997880780724643e-01 -2.457953623463738149e-02
3.560471674068431902e+00 8.464397033093020717e-01 -1.454024777854439829e-02
3.560471674068431902e+00 1.088279618540531235e+00 -6.716817397743745852e-03
3.560471674068431902e+00 1.330119533771759954e+00 -8.707015656500288617e-04
3.560471674068431902e+00 1.571959449002989118e+00 2.006814536526324230e-03
3.560471674068431902e+00 1.813799364234218281e+00 3.127462746207604512e-03
3.560471674068431902e+00 2.055639279465447000e+00 3.207484743263240914e-03
3.560471674068431902e+00 2.297479194696676164e+00 2.499310557972565967e-03
3.560471674068431902e+00 2.539319109927905327e+00 1.270900528357215989e-03
3.560471674068431902e+00 2.781159025159134490e+00 -2.250285424827746787e-05
3.560471674068431902e+00 3.022998940390363654e+00 -9.022045686785078048e-04
3.560471674068431902e+00 3.264838855621591929e+00 -1.363165361599752261e-03
3.560471674068431902e+00 3.506678770852821980e+00 -1.536206141974601593e-03
3.560471674068431902e+00 3.748518686084051144e+00 -1.414217145697777792e-03
3.560471674068431902e+00 3.990358601315280307e+00 -1.051227367598290847e-03
3.560471674068431902e+00 4.232198516546509026e+00 -4.223209812251472583e-04
3.560471674068431902e+00 4.474038431777737301e+00 5.866601932235067721e-04
3.560471674068431902e+00 4.715878347008967353e+00 1.851738660229910799e-03
3.560471674068431902e+00 4.957718262240195628e+00 3.034193184129714213e-03
3.769911184307751739e+00 -2.176559237081061582e+00 1.881370311147510799e-03
3.769911184307751739e+00 -1.934719321849832419e+00 2.264886617261613593e-03
3.769911184307751739e+00 -1.692879406618603477e+00 2.057727565268668759e-03
3.769911184307751739e+00 -1.451039491387374314e+00 1.007252244328819910e-03
3.769911184307751739e+00 -1.209199576156145373e+00 -1.494140105694415164e-03
3.769911184307751739e+00 -9.673596609249162093e-01 -8.568492698855807027e-03
3.769911184307751739e+00 -7.255197456936870459e-01 -2.797808832726482800e-02
3.769911184307751739e+00 -4.836798304624581046e-01 -5.049056244425730727e-02
3.769911184307751739e+00 -2.418399152312289413e-01 -4.125895284576590327e-02
3.769911184307751739e+00 0.000000000000000000e+00 -2.228398883923918272e-02
3.769911184307751739e+00 2.418399152312291633e-01 -4.357671265926821302e-02
3.769911184307751739e+00 4.836798304624578826e-01 -5.262617492600744906e-02
3.769911184307751739e+00 7.255197456936874900e-01 -2.581568303222629354e-02
3.769911184307751739e+00 9.673596609249166534e-01 -9.590070051824814423e-03
3.769911184307751739e+00 1.209199576156145373e+00 -3.478657720079083183e-03
3.769911184307751739e+00 1.451039491387374536e+00 -3.565748660138532583e-04
3.769911184307751739e+00 1.692879406618603699e+00 1.100804752449786221e-03
3.769911184307751739e+00 1.934719321849832419e+00 1.653567237706341691e-03
3.769911184307751739e+00 2.176559237081061582e+00 1.557823472788726852e-03
3.769911184307751739e+00 2.418399152312290745e+00 9.431754495024415432e-04
3.769911184307751739e+00 2.660239067543519909e+00 -2.343918543820855464e-05
3.769911184307751739e+00 2.902078982774749072e+00 -9.705591457520284637e-04
3.769911184307751739e+00 3.143918898005977347e+00 -1.469438829231392313e-03
3.769911184307751739e+00 3.385758813237207399e+00 -1.594074650359659801e-03
3.769911184307751739e+00 3.627598728468436562e+00 -1.576888780800741151e-03
3.769911184307751739e+00 3.869438643699665725e+00 -1.457548641992874143e-03
3.769911184307751739e+00 4.111278558930894889e+00 -1.159244824375129821e-03
3.769911184307751739e+00 4.353118474162123164e+00 -5.773748831335899848e-04
3.769911184307751739e+00 4.594958389393352327e+00 2.451062123370703789e-04
3.769911184307751739e+00 4.836798304624581490e+00 1.132274526476914102e-03
3.979350694547071132e+00 -2.297479194696676164e+00 4.091953517167118003e-04
3.979350694547071132e+00 -2.055639279465447000e+00 9.322273134506085584e-04
3.979350694547071132e+00 -1.813799364234218059e+00 1.217251605074519492e-03
3.979350694547071132e+00 -1.571959449002988896e+00 1.221432260567061143e-03
3.979350694547071132e+00 -1.330119533771759954e+00 9.280984230747935451e-04
3.979350694547071132e+00 -1.088279618540530791e+00 5.991101186290661261e-04
3.979350694547071132e+00 -8.464397033093016276e-01 -5.579693815588281092e-03
3.979350694547071132e+00 -6.045997880780726863e-01 -2.581488320330361380e-02
3.979350694547071132e+00 -3.627598728468435230e-01 -4.882175899313968143e-02
3.979350694547071132e+00 -1.209199576156145817e-01 -3.390979312364187509e-02
3.979350694547071132e+00 1.209199576156145817e-01 -4.015929330311081985e-02
3.979350694547071132e+00 3.627598728468433009e-01 -4.970347932466984836e-02
3.979350694547071132e+00 6.045997880780729083e-01 -2.587176043691714541e-02
3.979350694547071132e+00 8.464397033093020717e-01 -6.331164373751373836e-03
3.979350694547071132e+00 1.088279618540530791e+00 -2.903008038272363034e-03
3.979350694547071132e+00 1.330119533771759954e+00 -1.458800497092895823e-03
3.979350694547071132e+00 1.571959449002989118e+00 -3.058867152246873690e-04
3.979350694547071132e+00 1.813799364234217837e+00 3.503845632193971441e-04
3.979350694547071132e+00 2.055639279465447000e+00 5.755652687342724611e-04
3.979350694547071132e+00 2.297479194696676164e+00 4.219384686904891000e-04
3.979350694547071132e+00 2.539319109927905327e+00 -3.111513871092385340e-05
3.979350694547071132e+00 2.781159025159134490e+00 -6.724826740286904631e-04
3.979350694547071132e+00 3.022998940390362765e+00 -1.297414465465123899e-03
3.979350694547071132e+00 3.264838855621592817e+00 -1.643057658273366223e-03
3.979350694547071132e+00 3.506678770852821980e+00 -1.697986356091623055e-03
3.979350694547071132e+00 3.748518686084051144e+00 -1.609033184979128967e-03
3.979350694547071132e+00 3.990358601315280307e+00 -1.431660906824777776e-03
3.979350694547071132e+00 4.232198516546509026e+00 -1.157844671326988461e-03
3.979350694547071132e+00 4.474038431777737301e+00 -7.486469583195113665e-04
3.979350694547071132e+00 4.715878347008967353e+00 -1.984888202715828635e-04
4.188790204786390525e+00 -2.418399152312290745e+00 -8.844247373265257638e-04
4.188790204786390525e+00 -2.176559237081061582e+00 -3.900546063639892687e-04
4.188790204786390525e+00 -1.934719321849832641e+00 8.835967743101709687e-05
4.188790204786390525e+00 -1.692879406618603477e+00 5.002647004721735846e-04
4.188790204786390525e+00 -1.451039491387374536e+00 9.496585745260274812e-04
4.188790204786390525e+00 -1.209199576156145373e+00 2.174238554366686449e-03
4.188790204786390525e+00 -9.673596609249162093e-01 3.856609854770917667e-03
4.188790204786390525e+00 -7.255197456936872680e-01 -1.905853524468326728e-03
4.188790204786390525e+00 -4.836798304624581046e-01 -1.948647743616383626e-02
4.188790204786390525e+00 -2.418399152312291633e-01 -4.014324224190258389e-02
4.188790204786390525e+00 0.000000000000000000e+00 -4.812856422975329146e-02
4.188790204786390525e+00 2.418399152312287193e-01 -4.472021019992340057e-02
4.188790204786390525e+00 4.836798304624583267e-01 -2.005790611846212934e-02
4.188790204786390525e+00 7.255197456936874900e-01 -7.418654776571287747e-04
4.188790204786390525e+00 9.673596609249162093e-01 1.240500393488825574e-04
4.188790204786390525e+00 1.209199576156145373e+00 -1.469463161766637691e-03
4.188790204786390525e+00 1.451039491387374536e+00 -1.218158310994925777e-03
4.188790204786390525e+00 1.692879406618603255e+00 -7.584225031562165853e-04
4.188790204786390525e+00 1.934719321849832419e+00 -4.616739355756338471e-04
4.188790204786390525e+00 2.176559237081061582e+00 -4.126119953290970392e-04
4.188790204786390525e+00 2.418399152312290745e+00 -5.757002344870854093e-04
4.188790204786390525e+00 2.660239067543519909e+00 -8.376749030054866322e-04
4.188790204786390525e+00 2.902078982774748184e+00 -1.127025001955935662e-03
4.188790204786390525e+00 3.143918898005978235e+00 -1.424619234869685782e-03
4.188790204786390525e+00 3.385758813237207399e+00 -1.641419438811581987e-03
4.188790204786390525e+00 3.627598728468436562e+00 -1.691450618745999473e-03
4.188790204786390525e+00 3.869438643699665725e+00 -1.650854408280653420e-03
4.188790204786390525e+00 4.111278558930894000e+00 -1.625595458133231083e-03
4.188790204786390525e+00 4.353118474162123164e+00 -1.550073861464249881e-03
4.188790204786390525e+00 4.594958389393352327e+00 -1.301463591899133104e-03
4.398229715025710362e+00 -2.539319109927905327e+00 -2.139669047420026966e-03
4.398229715025710362e+00 -2.297479194696676164e+00 -1.756684036776819113e-03
4.398229715025710362e+00 -2.055639279465447000e+00 -1.213884844357265022e-03
4.398229715025710362e+00 -1.813799364234218059e+00 -5.859707070933669335e-04
4.398229715025710362e+00 -1.571959449002989118e+00 5.745471600082816894e-05
4.398229715025710362e+00 -1.330119533771759954e+00 9.024266321482297135e-04
4.398229715025710362e+00 -1.088279618540530791e+00 2.774129364165735506e-03
4.398229715025710362e+00 -8.464397033093018496e-01 2.894899621206540024e-03
4.398229715025710362e+00 -6.045997880780726863e-01 -2.966581915586922937e-03
4.398229715025710362e+00 -3.627598728468437450e-01 -2.085338547007269810e-02
4.398229715025710362e+00 -1.209199576156145817e-01 -5.135591631520737554e-02
4.398229715025710362e+00 1.209199576156141376e-01 -5.617253294907501027e-02
4.398229715025710362e+00 3.627598728468437450e-01 -2.402554480934821629e-02
4.398229715025710362e+00 6.045997880780729083e-01 -1.653066742815152614e-03
4.398229715025710362e+00 8.464397033093016276e-01 2.222516441610321129e-03
4.398229715025710362e+00 1.088279618540530791e+00 -7.436912484261198365e-04
4.398229715025710362e+00 1.330119533771759954e+00 -1.755594983822276328e-03
4.398229715025710362e+00 1.571959449002988674e+00 -1.717416720752327651e-03
4.398229715025710362e+00 1.813799364234217837e+00 -1.494955204618665830e-03
4.398229715025710362e+00 2.055639279465447000e+00 -1.388033673928310832e-03
4.398229715025710362e+00 2.297479194696676164e+00 -1.443948835969189725e-03
4.398229715025710362e+00 2.539319109927905327e+00 -1.530231076921925162e-03
4.398229715025710362e+00 2.781159025159133602e+00 -1.557244149548740308e-03
4.398229715025710362e+00 3.022998940390363654e+00 -1.548707756624063394e-03
4.398229715025710362e+00 3.264838855621592817e+00 -1.581430983856943603e-03
4.398229715025710362e+00 3.506678770852821980e+00 -1.707414775453154794e-03
4.398229715025710362e+00 3.748518686084051144e+00 -1.900030079771004290e-03
4.398229715025710362e+00 3.990358601315279419e+00 -2.120537313592292354e-03
4.398229715025710362e+00 4.232198516546509026e+00 -2.293448836119709507e-03
4.398229715025710362e+00 4.474038431777737301e+00 -2.318999662048491523e-03
4.607669225265029311e+00 -2.660239067543519464e+00 -3.315980100647997371e-03
4.607669225265029311e+00 -2.418399152312290301e+00 -3.176576352332630051e-03
4.607669225265029311e+00 -2.176559237081061138e+00 -2.701307139904671195e-03
4.607669225265029311e+00 -1.934719321849832196e+00 -1.894124844264046328e-03
4.607669225265029311e+00 -1.692879406618603255e+00 -1.014746646100966746e-03
4.607669225265029311e+00 -1.451039491387374092e+00 -2.774703374349832600e-04
4.607669225265029311e+00 -1.209199576156144929e+00 6.083809111221572669e-04
4.607669225265029311e+00 -9.673596609249159872e-01 1.761433580688045574e-03
4.607669225265029311e+00 -7.255197456936868239e-01 9.065637590010064547e-04
4.607669225265029311e+00 -4.836798304624578826e-01 -7.216472400730965589e-03
4.607669225265029311e+00 -2.418399152312287193e-01 -3.211321995516575739e-02
4.607669225265029311e+00 0.000000000000000000e+00 -5.979251913602944696e-02
4.607669225265029311e+00 2.418399152312296074e-01 -3.338011688178923325e-02
4.607669225265029311e+00 4.836798304624587708e-01 -6.176601958686461259e-03
4.607669225265029311e+00 7.255197456936874900e-01 7.605574128361611199e-04
4.607669225265029311e+00 9.673596609249166534e-01 -3.167730576346819774e-04
4.607669225265029311e+00 1.209199576156145817e+00 -1.952121286520546242e-03
4.607669225265029311e+00 1.451039491387374536e+00 -2.554150551338211454e-03
4.607669225265029311e+00 1.692879406618603699e+00 -2.545292547777820279e-03
4.607669225265029311e+00 1.934719321849832863e+00 -2.402671750826011494e-03
4.607669225265029311e+00 2.176559237081062026e+00 -2.392353709396442037e-03
4.607669225265029311e+00 2.418399152312291189e+00 -2.409615091142536594e-03
4.607669225265029311e+00 2.660239067543519464e+00 -2.332969158367146061e-03
4.607669225265029311e+00 2.902078982774749516e+00 -2.173800850354157353e-03
4.607669225265029311e+00 3.143918898005978679e+00 -1.995260750031207717e-03
4.607669225265029311e+00 3.385758813237207843e+00 -1.934456019710230606e-03
4.607669225265029311e+00 3.627598728468437006e+00 -2.145586152700777044e-03
4.607669225265029311e+00 3.869438643699665281e+00 -2.556108840286880519e-03
4.607669225265029311e+00 4.111278558930894889e+00 -2.953383379736627522e-03
4.607669225265029311e+00 4.353118474162123164e+00 -3.220713381887304813e-03
4.817108735504350037e+00 -2.781159025159134490e+00 -4.370062712879825562e-03
4.817108735504350037e+00 -2.539319109927905327e+00 -4.524569761575884808e-03
4.817108735504350037e+00 -2.297479194696676164e+00 -4.267938457020541837e-03
4.817108735504350037e+00 -2.055639279465447444e+00 -3.452480760897076208e-03
4.817108735504350037e+00 -1.813799364234218281e+00 -2.376633075061459609e-03
4.817108735504350037e+00 -1.571959449002989118e+00 -1.482500841405480323e-03
4.817108735504350037e+00 -1.330119533771759954e+00 -7.354748868527625182e-04
4.817108735504350037e+00 -1.088279618540531013e+00 1.697319326332719666e-04
4.817108735504350037e+00 -8.464397033093018496e-01 9.458371937447424081e-04
4.817108735504350037e+00 -6.045997880780729083e-01 -1.330959488989768430e-03
4.817108735504350037e+00 -3.627598728468437450e-01 -1.402853801040851271e-02
4.817108735504350037e+00 -1.209199576156150258e-01 -3.840414171651270608e-02
4.817108735504350037e+00 1.209199576156145817e-01 -3.643354325388675069e-02
4.817108735504350037e+00 3.627598728468437450e-01 -1.126773598691827548e-02
4.817108735504350037e+00 6.045997880780724643e-01 -1.445107009140481936e-03
4.817108735504350037e+00 8.464397033093016276e-01 -7.898846985609335198e-04
4.817108735504350037e+00 1.088279618540530791e+00 -2.144023869678035859e-03
4.817108735504350037e+00 1.330119533771759510e+00 -3.378072930729582573e-03
4.817108735504350037e+00 1.571959449002988674e+00 -3.866991449519110915e-03
4.817108735504350037e+00 1.813799364234217837e+00 -3.656393559549717294e-03
4.817108735504350037e+00 2.055639279465447000e+00 -3.425405168897339547e-03
4.817108735504350037e+00 2.297479194696676164e+00 -3.380126540603536987e-03
4.817108735504350037e+00 2.539319109927904439e+00 -3.285622712783839092e-03
4.817108735504350037e+00 2.781159025159134490e+00 -3.066033793223452760e-03
4.817108735504350037e+00 3.022998940390363654e+00 -2.792431695405746175e-03
4.817108735504350037e+00 3.264838855621592817e+00 -2.576783666945363111e-03
4.817108735504350037e+00 3.506678770852821980e+00 -2.592565172463440031e-03
4.817108735504350037e+00 3.748518686084050255e+00 -2.937981819017933000e-03
4.817108735504350037e+00 3.990358601315279419e+00 -3.477612232862093474e-03
4.817108735504350037e+00 4.232198516546509026e+00 -3.994242496365109016e-03
5.026548245743668986e+00 -2.902078982774749072e+00 -5.199968219011621463e-03
5.026548245743668986e+00 -2.660239067543519909e+00 -5.658128535948734293e-03
5.026548245743668986e+00 -2.418399152312290745e+00 -5.738859951923602244e-03
5.026548245743668986e+00 -2.176559237081061582e+00 -5.257936066560999280e-03
5.026548245743668986e+00 -1.934719321849832863e+00 -4.320062032939125767e-03
5.026548245743668986e+00 -1.692879406618603699e+00 -3.251746147002139431e-03
5.026548245743668986e+00 -1.451039491387374536e+00 -2.179679033620879423e-03
5.026548245743668986e+00 -1.209199576156145595e+00 -1.085976765838908131e-03
5.026548245743668986e+00 -9.673596609249164313e-01 2.362138877715595566e-05
5.026548245743668986e+00 -7.255197456936874900e-01 3.618198391081321394e-04
5.026548245743668986e+00 -4.836798304624583267e-01 -3.229869588872976219e-03
5.026548245743668986e+00 -2.418399152312296074e-01 -1.573264998155791267e-02
5.026548245743668986e+00 0.000000000000000000e+00 -2.560038909215990241e-02
5.026548245743668986e+00 2.418399152312291633e-01 -1.365194756250353095e-02
5.026548245743668986e+00 4.836798304624578826e-01 -3.058501229442198675e-03
5.026548245743668986e+00 7.255197456936870459e-01 -1.005320804146763803e-03
5.026548245743668986e+00 9.673596609249162093e-01 -2.050754611928136319e-03
5.026548245743668986e+00 1.209199576156144929e+00 -3.718739063184122850e-03
5.026548245743668986e+00 1.451039491387374092e+00 -5.213910030089786117e-03
5.026548245743668986e+00 1.692879406618603255e+00 -5.736222880656075863e-03
5.026548245743668986e+00 1.934719321849832419e+00 -5.299502465548742124e-03
5.026548245743668986e+00 2.176559237081061582e+00 -4.771976027776713043e-03
5.026548245743668986e+00 2.418399152312289857e+00 -4.479683309774834185e-03
5.026548245743668986e+00 2.660239067543519909e+00 -4.188186981815633994e-03
5.026548245743668986e+00 2.902078982774749072e+00 -3.818313038966840867e-03
5.026548245743668986e+00 3.143918898005978235e+00 -3.476187585331085191e-03
5.026548245743668986e+00 3.385758813237207399e+00 -3.308467209005128140e-03
5.026548245743668986e+00 3.627598728468435674e+00 -3.439268355292666481e-03
5.026548245743668986e+00 3.869438643699664837e+00 -3.895550157449516326e-03
5.026548245743668986e+00 4.111278558930894000e+00 -4.553298089701699088e-03
5.235987755982988823e+00 -3.022998940390363654e+00 -5.648272787138941889e-03
5.235987755982988823e+00 -2.781159025159134490e+00 -6.317590474563463711e-03
5.235987755982988823e+00 -2.539319109927905327e+00 -6.730796642615988895e-03
5.235987755982988823e+00 -2.297479194696676608e+00 -6.739715811387639657e-03
5.235987755982988823e+00 -2.055639279465447444e+00 -6.222466165566464466e-03
5.235987755982988823e+00 -1.813799364234218281e+00 -5.163450057524472149e-03
5.235987755982988823e+00 -1.571959449002989118e+00 -3.717054791943607064e-03
5.235987755982988823e+00 -1.330119533771760176e+00 -2.160821319128342511e-03
5.235987755982988823e+00 -1.088279618540531013e+00 -7.312090189323819465e-04
5.235987755982988823e+00 -8.464397033093020717e-01 3.220387629142064411e-04
5.235987755982988823e+00 -6.045997880780729083e-01 8.443924099990161717e-05
5.235987755982988823e+00 -3.627598728468441891e-01 -3.525752335876610431e-03
5.235987755982988823e+00 -1.209199576156145817e-01 -1.055303966107851849e-02
5.235987755982988823e+00 1.209199576156145817e-01 -9.698115930210859936e-03
5.235987755982988823e+00 3.627598728468433009e-01 -3.141663882135684212e-03
5.235987755982988823e+00 6.045997880780724643e-01 -5.158900060970569640e-04
5.235987755982988823e+00 8.464397033093016276e-01 -1.104672907161777890e-03
5.235987755982988823e+00 1.088279618540530347e+00 -2.820143970265827100e-03
5.235987755982988823e+00 1.330119533771759510e+00 -4.894931176543023191e-03
5.235987755982988823e+00 1.571959449002988674e+00 -6.732704687730929442e-03
5.235987755982988823e+00 1.813799364234217837e+00 -7.502680504205952450e-03
5.235987755982988823e+00 2.055639279465447000e+00 -7.081025293831584404e-03
5.235987755982988823e+00 2.297479194696675275e+00 -6.276291748473795777e-03
5.235987755982988823e+00 2.539319109927905327e+00 -5.618414983050868533e-03
5.235987755982988823e+00 2.781159025159134490e+00 -5.050799337007762756e-03
5.235987755982988823e+00 3.022998940390363654e+00 -4.527347221155914037e-03
5.235987755982988823e+00 3.264838855621592817e+00 -4.155383436021108448e-03
5.235987755982988823e+00 3.506678770852821092e+00 -4.063983450956923024e-03
5.235987755982988823e+00 3.748518686084050255e+00 -4.323644797497807127e-03
5.235987755982988823e+00 3.990358601315279419e+00 -4.906987564804170254e-03
5.445427266222308660e+00 -3.143918898005978235e+00 -5.758802110771938862e-03
5.445427266222308660e+00 -2.902078982774749072e+00 -6.424914391094578049e-03
5.445427266222308660e+00 -2.660239067543519909e+00 -6.954476540546431634e-03
5.445427266222308660e+00 -2.418399152312290745e+00 -7.218823338151111359e-03
5.445427266222308660e+00 -2.176559237081062026e+00 -7.009394425407543781e-03
5.445427266222308660e+00 -1.934719321849832863e+00 -6.122371944593659084e-03
5.445427266222308660e+00 -1.692879406618603699e+00 -4.636994893835441611e-03
5.445427266222308660e+00 -1.451039491387374758e+00 -2.868581450536335491e-03
5.445427266222308660e+00 -1.209199576156145595e+00 -1.185531127739391632e-03
5.445427266222308660e+00 -9.673596609249166534e-01 1.656524978756554088e-04
5.445427266222308660e+00 -7.255197456936874900e-01 9.454946701028922942e-04
5.445427266222308660e+00 -4.836798304624587708e-01 5.340573809357068063e-04
5.445427266222308660e+00 -2.418399152312291633e-01 -1.791664766608031933e-03
5.445427266222308660e+00 0.000000000000000000e+00 -3.058613649460542594e-03
5.445427266222308660e+00 2.418399152312287193e-01 -7.166782218331306390e-04
5.445427266222308660e+00 4.836798304624578826e-01 7.825732382072666865e-04
5.445427266222308660e+00 7.255197456936870459e-01 3.219064723835141995e-04
5.445427266222308660e+00 9.673596609249157652e-01 -1.160812418997870252e-03
5.445427266222308660e+00 1.209199576156144929e+00 -3.110336108903019852e-03
5.445427266222308660e+00 1.451039491387374092e+00 -5.265200180016911362e-03
5.445427266222308660e+00 1.692879406618603255e+00 -7.161609053053651953e-03
5.445427266222308660e+00 1.934719321849832419e+00 -8.152372703486810215e-03
5.445427266222308660e+00 2.176559237081060694e+00 -8.024120057371254486e-03
5.445427266222308660e+00 2.418399152312290745e+00 -7.276811398708691279e-03
5.445427266222308660e+00 2.660239067543519909e+00 -6.432430240389213141e-03
5.445427266222308660e+00 2.902078982774749072e+00 -5.667986711356103220e-03
5.445427266222308660e+00 3.143918898005978235e+00 -5.068334744099398277e-03
5.445427266222308660e+00 3.385758813237206510e+00 -4.734904738888592521e-03
5.445427266222308660e+00 3.627598728468435674e+00 -4.748625035888848558e-03
5.445427266222308660e+00 3.869438643699664837e+00 -5.127162743246028304e-03
5.654866776461627609e+00 -3.264838855621592373e+00 -5.654925067704364566e-03
5.654866776461627609e+00 -3.022998940390363209e+00 -6.170893806261639261e-03
5.654866776461627609e+00 -2.781159025159134046e+00 -6.590497536932709080e-03
5.654866776461627609e+00 -2.539319109927904883e+00 -6.798641348255691011e-03
5.654866776461627609e+00 -2.297479194696676164e+00 -6.662422711947042428e-03
5.654866776461627609e+00 -2.055639279465447000e+00 -5.984774139042901321e-03
5.654866776461627609e+00 -1.813799364234217837e+00 -4.714058831010743862e-03
5.654866776461627609e+00 -1.571959449002988896e+00 -3.097160089773377811e-03
5.654866776461627609e+00 -1.330119533771759732e+00 -1.457671571535321467e-03
5.654866776461627609e+00 -1.088279618540530791e+00 -3.283212296895703179e-05
5.654866776461627609e+00 -8.464397033093016276e-01 1.128968048553576466e-03
5.654866776461627609e+00 -6.045997880780729083e-01 1.959569399501960574e-03
5.654866776461627609e+00 -3.627598728468433009e-01 2.162987026785662993e-03
5.654866776461627609e+00 -1.209199576156141376e-01 2.124196071625705871e-03
5.654866776461627609e+00 1.209199576156145817e-01 2.910116652655855493e-03
5.654866776461627609e+00 3.627598728468437450e-01 2.990275036185474893e-03
5.654866776461627609e+00 6.045997880780729083e-01 1.960284741499349406e-03
5.654866776461627609e+00 8.464397033093016276e-01 4.765565323491447965e-04
5.654866776461627609e+00 1.088279618540530791e+00 -1.209321163811627638e-03
5.654866776461627609e+00 1.330119533771759954e+00 -3.075827240033187065e-03
5.654866776461627609e+00 1.571959449002989118e+00 -5.007212016333776813e-03
5.654866776461627609e+00 1.813799364234218281e+00 -6.679460374494097970e-03
5.654866776461627609e+00 2.055639279465446556e+00 -7.708203781237160310e-03
5.654866776461627609e+00 2.297479194696676608e+00 -7.915445523629676197e-03
5.654866776461627609e+00 2.539319109927905771e+00 -7.465006171049893592e-03
5.654866776461627609e+00 2.781159025159134934e+00 -6.702640711364020801e-03
5.654866776461627609e+00 3.022998940390364098e+00 -5.956528039358818284e-03
5.654866776461627609e+00 3.264838855621592373e+00 -5.415215684302593889e-03
5.654866776461627609e+00 3.506678770852821536e+00 -5.163103554551436505e-03
5.654866776461627609e+00 3.748518686084050699e+00 -5.253132588310093984e-03
5.864306286700947446e+00 -3.385758813237206954e+00 -5.467901955776743178e-03
5.864306286700947446e+00 -3.143918898005977791e+00 -5.761625221116340768e-03
5.864306286700947446e+00 -2.902078982774748628e+00 -6.006135695277647207e-03
5.864306286700947446e+00 -2.660239067543519909e+00 -6.043355567469402452e-03
5.864306286700947446e+00 -2.418399152312290745e+00 -5.831669654430321828e-03
5.864306286700947446e+00 -2.176559237081061582e+00 -5.297408033711161444e-03
5.864306286700947446e+00 -1.934719321849832419e+00 -4.294136498447117395e-03
5.864306286700947446e+00 -1.692879406618603477e+00 -2.982965139491749063e-03
5.864306286700947446e+00 -1.451039491387374314e+00 -1.628489687682785391e-03
5.864306286700947446e+00 -1.209199576156145373e+00 -3.592716485252144161e-04
5.864306286700947446e+00 -9.673596609249162093e-01 8.494415455828620244e-04
5.864306286700947446e+00 -7.255197456936874900e-01 2.199111058920513555e-03
5.864306286700947446e+00 -4.836798304624578826e-01 3.727334558093650402e-03
5.864306286700947446e+00 -2.418399152312287193e-01 5.359347400902069770e-03
5.864306286700947446e+00 0.000000000000000000e+00 6.615530942468869982e-03
5.864306286700947446e+00 2.418399152312291633e-01 5.938960921830405484e-03
5.864306286700947446e+00 4.836798304624583267e-01 3.970877971995077568e-03
5.864306286700947446e+00 7.255197456936870459e-01 1.991252211117575024e-03
5.864306286700947446e+00 9.673596609249162093e-01 2.691981065161640056e-04
5.864306286700947446e+00 1.209199576156145373e+00 -1.320441236281761624e-03
5.864306286700947446e+00 1.451039491387374536e+00 -2.929881658002174080e-03
5.864306286700947446e+00 1.692879406618603699e+00 -4.509181044468403912e-03
5.864306286700947446e+00 1.934719321849831974e+00 -5.867841472894566764e-03
5.864306286700947446e+00 2.176559237081062026e+00 -6.842622461844430348e-03
5.864306286700947446e+00 2.418399152312291189e+00 -7.262658671403497863e-03
5.864306286700947446e+00 2.660239067543520353e+00 -7.098811550815523411e-03
5.864306286700947446e+00 2.902078982774749516e+00 -6.576777074634430377e-03
5.864306286700947446e+00 3.143918898005977791e+00 -6.011523834925588256e-03
5.864306286700947446e+00 3.385758813237206954e+00 -5.579846002512800149e-03
5.864306286700947446e+00 3.627598728468436118e+00 -5.375232801974035544e-03
6.073745796940266395e+00 -3.506678770852821536e+00 -5.377850865894448149e-03
6.073745796940266395e+00 -3.264838855621592373e+00 -5.382942724548490585e-03
6.073745796940266395e+00 -3.022998940390363209e+00 -5.450721863504551234e-03
6.073745796940266395e+00 -2.781159025159134046e+00 -5.358722380733249406e-03
6.073745796940266395e+00 -2.539319109927905327e+00 -5.048921191217783412e-03
6.073745796940266395e+00 -2.297479194696676164e+00 -4.571371055313290695e-03
6.073745796940266395e+00 -2.055639279465447000e+00 -3.836156707341657323e-03
6.073745796940266395e+00 -1.813799364234218059e+00 -2.844057385985115059e-03
6.073745796940266395e+00 -1.571959449002988896e+00 -1.825897747489134111e-03
6.073745796940266395e+00 -1.330119533771759954e+00 -8.292956425249567096e-04
6.073745796940266395e+00 -1.088279618540530791e+00 2.488302848485614196e-04
6.073745796940266395e+00 -8.464397033093020717e-01 1.725687094934743064e-03
6.073745796940266395e+00 -6.045997880780724643e-01 3.812248079890309064e-03
6.073745796940266395e+00 -3.627598728468433009e-01 6.515875194530776002e-03
6.073745796940266395e+00 -1.209199576156145817e-01 9.199285807798751255e-03
6.073745796940266395e+00 1.209199576156145817e-01 9.208491803477816470e-03
6.073745796940266395e+00 3.627598728468437450e-01 6.573400559544548792e-03
6.073745796940266395e+00 6.045997880780724643e-01 3.762492574311050633e-03
6.073745796940266395e+00 8.464397033093016276e-01 1.509973635906470884e-03
6.073745796940266395e+00 1.088279618540530791e+00 -1.968387238139654308e-04
6.073745796940266395e+00 1.330119533771759954e+00 -1.577464613361568343e-03
6.073745796940266395e+00 1.571959449002989118e+00 -2.879026097963760175e-03
6.073745796940266395e+00 1.813799364234217393e+00 -4.102851983240161406e-03
6.073745796940266395e+00 2.055639279465447444e+00 -5.196635586291749320e-03
6.073745796940266395e+00 2.297479194696676608e+00 -6.081988605009458308e-03
6.073745796940266395e+00 2.539319109927905771e+00 -6.570566084308815911e-03
6.073745796940266395e+00 2.781159025159134934e+00 -6.608400179743256254e-03
6.073745796940266395e+00 3.022998940390363209e+00 -6.343999845254126579e-03
6.073745796940266395e+00 3.264838855621592373e+00 -5.968452257587656892e-03
6.073745796940266395e+00 3.506678770852821536e+00 -5.601066581138023151e-03
