0.000000000000000000e+00 0.000000000000000000e+00 -4.863426262192926779e-03
0.000000000000000000e+00 2.418399152312290801e-01 -4.678677088945548852e-03
0.000000000000000000e+00 4.836798304624581601e-01 -4.682494069928958176e-03
0.000000000000000000e+00 7.255197456936872680e-01 -4.722329740887911721e-03
0.000000000000000000e+00 9.673596609249163203e-01 -4.630367522097098010e-03
0.000000000000000000e+00 1.209199576156145373e+00 -4.342135296143127821e-03
0.000000000000000000e+00 1.451039491387374536e+00 -3.910570492440553110e-03
0.000000000000000000e+00 1.692879406618603477e+00 -3.367874462305622905e-03
0.000000000000000000e+00 1.934719321849832641e+00 -2.701865720827464033e-03
0.000000000000000000e+00 2.176559237081061582e+00 -1.964429404540871029e-03
0.000000000000000000e+00 2.418399152312290745e+00 -1.235941431879596488e-03
0.000000000000000000e+00 2.660239067543519464e+00 -4.608024135204918394e-04
0.000000000000000000e+00 2.902078982774749072e+00 2.094485289877917665e-04
0.000000000000000000e+00 3.143918898005978235e+00 2.083426082249797181e-04
0.000000000000000000e+00 3.385758813237206954e+00 -1.611629805575068677e-04
0.000000000000000000e+00 3.627598728468436118e+00 1.233807515041047097e-03
0.000000000000000000e+00 3.869438643699665281e+00 3.403629973448083889e-03
0.000000000000000000e+00 4.111278558930894000e+00 3.542930166289845299e-03
0.000000000000000000e+00 4.353118474162123164e+00 2.057389277178444005e-03
0.000000000000000000e+00 4.594958389393352327e+00 2.221559531724016608e-04
0.000000000000000000e+00 4.836798304624581490e+00 -1.313106579816363841e-03
0.000000000000000000e+00 5.078638219855810654e+00 -2.513686943524784997e-03
0.000000000000000000e+00 5.320478135087038929e+00 -3.494306417590774868e-03
0.000000000000000000e+00 5.562318050318268980e+00 -4.300388353074434747e-03
0.000000000000000000e+00 5.804157965549498144e+00 -4.944661706757417716e-03
0.000000000000000000e+00 6.045997880780727307e+00 -5.406758858077333370e-03
0.000000000000000000e+00 6.287837796011956470e+00 -5.660997867427232551e-03
0.000000000000000000e+00 6.529677711243184746e+00 -5.682791211424750508e-03
0.000000000000000000e+00 6.771517626474413909e+00 -5.500456079154642831e-03
0.000000000000000000e+00 7.013357541705643072e+00 -5.193838950525719866e-03
2.094395102393195318e-01 -1.209199576156145400e-01 -5.249662979464856001e-03
2.094395102393195318e-01 1.209199576156145400e-01 -4.855929594907159273e-03
2.094395102393195318e-01 3.627598728468436340e-01 -4.580352314330199230e-03
2.094395102393195318e-01 6.045997880780726863e-01 -4.414951049154933888e-03
2.094395102393195318e-01 8.464397033093017386e-01 -4.221849100937936569e-03
2.094395102393195318e-01 1.088279618540530791e+00 -3.906281375501868477e-03
2.094395102393195318e-01 1.330119533771759954e+00 -3.512760405929482056e-03
2.094395102393195318e-01 1.571959449002988896e+00 -3.123018103387901947e-03
2.094395102393195318e-01 1.813799364234218059e+00 -2.715975045906575663e-03
2.094395102393195318e-01 2.055639279465447000e+00 -2.258427073054859822e-03
2.094395102393195318e-01 2.297479194696676164e+00 -1.743787158360689043e-03
2.094395102393195318e-01 2.539319109927904883e+00 -1.088259590228942818e-03
2.094395102393195318e-01 2.781159025159134490e+00 -3.686281621625107636e-04
2.094395102393195318e-01 3.022998940390363654e+00 -2.268071566043677780e-04
2.094395102393195318e-01 3.264838855621592373e+00 -1.108989900436540763e-03
2.094395102393195318e-01 3.506678770852821536e+00 -1.046931724319482291e-03
2.094395102393195318e-01 3.748518686084050699e+00 1.766437857738131431e-03
2.094395102393195318e-01 3.990358601315279419e+00 3.877186258665389369e-03
2.094395102393195318e-01 4.232198516546509026e+00 3.478770151660289748e-03
2.094395102393195318e-01 4.474038431777738190e+00 1.706963347777033443e-03
2.094395102393195318e-01 4.715878347008967353e+00 -1.658476706429552316e-04
2.094395102393195318e-01 4.957718262240196516e+00 -1.578087983492392496e-03
2.094395102393195318e-01 5.199558177471424791e+00 -2.562561067156214709e-03
2.094395102393195318e-01 5.441398092702654843e+00 -3.345937802506896656e-03
2.094395102393195318e-01 5.683238007933884006e+00 -4.063147480292439960e-03
2.094395102393195318e-01 5.925077923165113170e+00 -4.691814326898798709e-03
2.094395102393195318e-01 6.166917838396342333e+00 -5.176238707740827422e-03
2.094395102393195318e-01 6.408757753627570608e+00 -5.501417689186582569e-03
2.094395102393195318e-01 6.650597668858799771e+00 -5.633913346489987685e-03
2.094395102393195318e-01 6.892437584090028935e+00 -5.554183412838140273e-03
4.188790204786390636e-01 -2.418399152312290801e-01 -5.701449995676608797e-03
4.188790204786390636e-01 0.000000000000000000e+00 -5.280724584301191293e-03
4.188790204786390636e-01 2.418399152312290801e-01 -4.783041779320816242e-03
4.188790204786390636e-01 4.836798304624582157e-01 -4.373247228445753011e-03
4.188790204786390636e-01 7.255197456936872680e-01 -3.986100490614562231e-03
4.188790204786390636e-01 9.673596609249163203e-01 -3.537431635204524132e-03
4.188790204786390636e-01 1.209199576156145373e+00 -3.067110886416680570e-03
4.188790204786390636e-01 1.451039491387374314e+00 -2.697331682953573329e-03
4.188790204786390636e-01 1.692879406618603477e+00 -2.409899937869311361e-03
4.188790204786390636e-01 1.934719321849832419e+00 -2.139517073403536356e-03
4.188790204786390636e-01 2.176559237081061582e+00 -1.876919157746466827e-03
4.188790204786390636e-01 2.418399152312290301e+00 -1.556232957748285902e-03
4.188790204786390636e-01 2.660239067543519909e+00 -1.107879285491977046e-03
4.188790204786390636e-01 2.902078982774749072e+00 -9.988092611941470651e-04
4.188790204786390636e-01 3.143918898005977791e+00 -2.251096125240534696e-03
4.188790204786390636e-01 3.385758813237206954e+00 -4.106673730268094180e-03
4.188790204786390636e-01 3.627598728468436118e+00 -2.518817285124171253e-03
4.188790204786390636e-01 3.869438643699664837e+00 1.750483512336148710e-03
4.188790204786390636e-01 4.111278558930894000e+00 3.795694594807911756e-03
4.188790204786390636e-01 4.353118474162123164e+00 3.140877108016136652e-03
4.188790204786390636e-01 4.594958389393352327e+00 1.341352248249085433e-03
4.188790204786390636e-01 4.836798304624581490e+00 -3.708851991032473955e-04
4.188790204786390636e-01 5.078638219855809766e+00 -1.574598197602288018e-03
4.188790204786390636e-01 5.320478135087039817e+00 -2.391394976127213159e-03
4.188790204786390636e-01 5.562318050318268980e+00 -3.102605656920419570e-03
4.188790204786390636e-01 5.804157965549498144e+00 -3.834754246512759538e-03
4.188790204786390636e-01 6.045997880780727307e+00 -4.509460575876488714e-03
4.188790204786390636e-01 6.287837796011955582e+00 -5.086151962097096996e-03
4.188790204786390636e-01 6.529677711243184746e+00 -5.538550802094826912e-03
4.188790204786390636e-01 6.771517626474413909e+00 -5.783612070215954186e-03
6.283185307179586232e-01 -3.627598728468436340e-01 -6.061811470788673953e-03
6.283185307179586232e-01 -1.209199576156145539e-01 -5.798453000267403575e-03
6.283185307179586232e-01 1.209199576156145262e-01 -5.185559510237880768e-03
6.283185307179586232e-01 3.627598728468436340e-01 -4.574890779347608877e-03
6.283185307179586232e-01 6.045997880780726863e-01 -3.989401646566810566e-03
6.283185307179586232e-01 8.464397033093017386e-01 -3.353474800296440180e-03
6.283185307179586232e-01 1.088279618540530791e+00 -2.711843168617120940e-03
6.283185307179586232e-01 1.330119533771759954e+00 -2.234086416460169446e-03
6.283185307179586232e-01 1.571959449002989118e+00 -1.967052393993718677e-03
6.283185307179586232e-01 1.813799364234217837e+00 -1.795889758929625256e-03
6.283185307179586232e-01 2.055639279465447000e+00 -1.729775812444557612e-03
6.283185307179586232e-01 2.297479194696675719e+00 -1.800472106354201280e-03
6.283185307179586232e-01 2.539319109927905327e+00 -1.866964883779566710e-03
6.283185307179586232e-01 2.781159025159134490e+00 -2.037490007010618956e-03
6.283185307179586232e-01 3.022998940390363209e+00 -3.470897222533404162e-03
6.283185307179586232e-01 3.264838855621592373e+00 -7.147642519047834285e-03
6.283185307179586232e-01 3.506678770852821536e+00 -9.437792872790824392e-03
6.283185307179586232e-01 3.748518686084050255e+00 -4.538675909345969012e-03
6.283185307179586232e-01 3.990358601315279419e+00 1.487666776364211319e-03
6.283185307179586232e-01 4.232198516546509026e+00 3.471337961232483921e-03
6.283185307179586232e-01 4.474038431777738190e+00 2.654248408791805638e-03
6.283185307179586232e-01 4.715878347008967353e+00 9.738991455375974569e-04
6.283185307179586232e-01 4.957718262240195628e+00 -4.637838373939577792e-04
6.283185307179586232e-01 5.199558177471425680e+00 -1.446203263899360119e-03
6.283185307179586232e-01 5.441398092702654843e+00 -2.169777515362384182e-03
6.283185307179586232e-01 5.683238007933884006e+00 -2.895736700595323825e-03
6.283185307179586232e-01 5.925077923165113170e+00 -3.683185975257785398e-03
6.283185307179586232e-01 6.166917838396341445e+00 -4.446437018053046170e-03
6.283185307179586232e-01 6.408757753627570608e+00 -5.178532082439376953e-03
6.283185307179586232e-01 6.650597668858799771e+00 -5.789143838015349021e-03
8.377580409572781273e-01 -4.836798304624581601e-01 -6.222853699628849190e-03
8.377580409572781273e-01 -2.418399152312290801e-01 -6.310292207026361663e-03
8.377580409572781273e-01 0.000000000000000000e+00 -5.692938815135958550e-03
8.377580409572781273e-01 2.418399152312291078e-01 -4.911107664514633916e-03
8.377580409572781273e-01 4.836798304624581601e-01 -4.199350741013930903e-03
8.377580409572781273e-01 7.255197456936872680e-01 -3.432519299513077295e-03
8.377580409572781273e-01 9.673596609249164313e-01 -2.610340943382253014e-03
8.377580409572781273e-01 1.209199576156145373e+00 -1.911121275944883046e-03
8.377580409572781273e-01 1.451039491387374536e+00 -1.514289163676179207e-03
8.377580409572781273e-01 1.692879406618603477e+00 -1.375870537541560266e-03
8.377580409572781273e-01 1.934719321849832641e+00 -1.443888122178628918e-03
8.377580409572781273e-01 2.176559237081061138e+00 -1.810822971195175188e-03
8.377580409572781273e-01 2.418399152312290745e+00 -2.443140185788149083e-03
8.377580409572781273e-01 2.660239067543519909e+00 -3.212624456896461499e-03
8.377580409572781273e-01 2.902078982774748628e+00 -4.796419938703304874e-03
8.377580409572781273e-01 3.143918898005977791e+00 -9.384650418881909650e-03
8.377580409572781273e-01 3.385758813237206954e+00 -1.709827329678971150e-02
8.377580409572781273e-01 3.627598728468435674e+00 -1.663241831673020754e-02
8.377580409572781273e-01 3.869438643699664837e+00 -5.489140109515466132e-03
8.377580409572781273e-01 4.111278558930894000e+00 1.585696727852298551e-03
8.377580409572781273e-01 4.353118474162123164e+00 3.064060015159924925e-03
8.377580409572781273e-01 4.594958389393352327e+00 2.114389324164681581e-03
8.377580409572781273e-01 4.836798304624580602e+00 6.897795778820016476e-04
8.377580409572781273e-01 5.078638219855810654e+00 -4.561294912814548041e-04
8.377580409572781273e-01 5.320478135087039817e+00 -1.283214390891390839e-03
8.377580409572781273e-01 5.562318050318268980e+00 -2.020288398234648241e-03
8.377580409572781273e-01 5.804157965549498144e+00 -2.849067095894789771e-03
8.377580409572781273e-01 6.045997880780726419e+00 -3.712979962660177199e-03
8.377580409572781273e-01 6.287837796011955582e+00 -4.594147839825147607e-03
8.377580409572781273e-01 6.529677711243184746e+00 -5.508839550615833060e-03
1.047197551196597631e+00 -6.045997880780726863e-01 -6.091693422107592390e-03
1.047197551196597631e+00 -3.627598728468436340e-01 -6.705375677022818413e-03
1.047197551196597631e+00 -1.209199576156145262e-01 -6.292567416348490185e-03
1.047197551196597631e+00 1.209199576156145817e-01 -5.311694479254979069e-03
1.047197551196597631e+00 3.627598728468436340e-01 -4.494857685748938209e-03
1.047197551196597631e+00 6.045997880780726863e-01 -3.712789474644932926e-03
1.047197551196597631e+00 8.464397033093018496e-01 -2.787059184785589325e-03
1.047197551196597631e+00 1.088279618540530791e+00 -1.848375513312390831e-03
1.047197551196597631e+00 1.330119533771759954e+00 -1.153343506009323451e-03
1.047197551196597631e+00 1.571959449002988896e+00 -8.884742513488684676e-04
1.047197551196597631e+00 1.813799364234218059e+00 -1.024985140497267641e-03
1.047197551196597631e+00 2.055639279465446556e+00 -1.559471040665711458e-03
1.047197551196597631e+00 2.297479194696676608e+00 -2.618326578942291490e-03
1.047197551196597631e+00 2.539319109927905771e+00 -4.189368392412022753e-03
1.047197551196597631e+00 2.781159025159134046e+00 -6.353787136371019141e-03
1.047197551196597631e+00 3.022998940390363209e+00 -1.105144032902898553e-02
1.047197551196597631e+00 3.264838855621592373e+00 -2.237389628765295430e-02
1.047197551196597631e+00 3.506678770852821536e+00 -3.262182800210041561e-02
1.047197551196597631e+00 3.748518686084050699e+00 -2.023419354588319730e-02
1.047197551196597631e+00 3.990358601315279863e+00 -3.830013391614898663e-03
1.047197551196597631e+00 4.232198516546509026e+00 2.044108133792134265e-03
1.047197551196597631e+00 4.474038431777738190e+00 2.577729321414022959e-03
1.047197551196597631e+00 4.715878347008966465e+00 1.669687828599718347e-03
1.047197551196597631e+00 4.957718262240196516e+00 6.040698863145159674e-04
1.047197551196597631e+00 5.199558177471425680e+00 -3.239992713425540564e-04
1.047197551196597631e+00 5.441398092702654843e+00 -1.121189196547608133e-03
1.047197551196597631e+00 5.683238007933884006e+00 -2.000789070667205374e-03
1.047197551196597631e+00 5.925077923165112281e+00 -2.985401545102806583e-03
1.047197551196597631e+00 6.166917838396341445e+00 -3.954071989400997737e-03
1.047197551196597631e+00 6.408757753627570608e+00 -5.000955198140864463e-03
1.256637061435917246e+00 -7.255197456936872680e-01 -5.700014954443625471e-03
1.256637061435917246e+00 -4.836798304624582157e-01 -6.867131402209540256e-03
1.256637061435917246e+00 -2.418399152312291078e-01 -6.973369586858991186e-03
1.256637061435917246e+00 0.000000000000000000e+00 -5.864937121237622994e-03
1.256637061435917246e+00 2.418399152312290523e-01 -4.799146479368902873e-03
1.256637061435917246e+00 4.836798304624581046e-01 -4.069338854061566729e-03
1.256637061435917246e+00 7.255197456936872680e-01 -3.166245403590191472e-03
1.256637061435917246e+00 9.673596609249162093e-01 -2.058777687542899266e-03
1.256637061435917246e+00 1.209199576156145373e+00 -1.036156758749633318e-03
1.256637061435917246e+00 1.451039491387374314e+00 -4.147101859297796481e-04
1.256637061435917246e+00 1.692879406618603477e+00 -4.160693662113660045e-04
1.256637061435917246e+00 1.934719321849832196e+00 -1.007685635326715200e-03
1.256637061435917246e+00 2.176559237081061582e+00 -2.281847967845282692e-03
1.256637061435917246e+00 2.418399152312290745e+00 -4.511536452594124523e-03
1.256637061435917246e+00 2.660239067543519909e+00 -7.851244823385207516e-03
1.256637061435917246e+00 2.902078982774749072e+00 -1.326436821460615263e-02
1.256637061435917246e+00 3.143918898005978235e+00 -2.569110260973286181e-02
1.256637061435917246e+00 3.385758813237206510e+00 -4.616148342040209129e-02
1.256637061435917246e+00 3.627598728468435674e+00 -4.349821859518789025e-02
1.256637061435917246e+00 3.869438643699664837e+00 -1.585857235669133752e-02
1.256637061435917246e+00 4.111278558930894000e+00 -1.159440771988278071e-03
1.256637061435917246e+00 4.353118474162123164e+00 2.029360029033589786e-03
1.256637061435917246e+00 4.594958389393351439e+00 1.950245280509281358e-03
1.256637061435917246e+00 4.836798304624581490e+00 1.437603431586328062e-03
1.256637061435917246e+00 5.078638219855810654e+00 7.462512352436295564e-04
1.256637061435917246e+00 5.320478135087039817e+00 -6.903515029990414708e-05
1.256637061435917246e+00 5.562318050318268980e+00 -9.928723403064463292e-04
1.256637061435917246e+00 5.804157965549497256e+00 -2.113025926843453695e-03
1.256637061435917246e+00 6.045997880780726419e+00 -3.271416207405860796e-03
1.256637061435917246e+00 6.287837796011955582e+00 -4.409905369240634150e-03
1.466076571675236861e+00 -8.464397033093017386e-01 -5.085542431811789638e-03
1.466076571675236861e+00 -6.045997880780726863e-01 -6.669908758356791860e-03
1.466076571675236861e+00 -3.627598728468435785e-01 -7.591804524548038426e-03
1.466076571675236861e+00 -1.209199576156144706e-01 -6.771728532195839777e-03
1.466076571675236861e+00 1.209199576156145817e-01 -5.253344742668231669e-03
1.466076571675236861e+00 3.627598728468436340e-01 -4.406034200342700408e-03
1.466076571675236861e+00 6.045997880780727973e-01 -3.644531966244654499e-03
1.466076571675236861e+00 8.464397033093017386e-01 -2.479882952317479742e-03
1.466076571675236861e+00 1.088279618540530791e+00 -1.199519503978084111e-03
1.466076571675236861e+00 1.330119533771759954e+00 -1.732945907549211350e-04
1.466076571675236861e+00 1.571959449002989118e+00 2.546044092239426186e-04
1.466076571675236861e+00 1.813799364234217837e+00 -1.665566993936601966e-04
1.466076571675236861e+00 2.055639279465447444e+00 -1.467057066397481823e-03
1.466076571675236861e+00 2.297479194696676608e+00 -3.964102064010447714e-03
1.466076571675236861e+00 2.539319109927905327e+00 -8.342162213625737080e-03
1.466076571675236861e+00 2.781159025159134490e+00 -1.570235383297528819e-02
1.466076571675236861e+00 3.022998940390363654e+00 -2.985049993218385003e-02
1.466076571675236861e+00 3.264838855621592373e+00 -5.643518848326847109e-02
1.466076571675236861e+00 3.506678770852821536e+00 -7.004406607565338838e-02
1.466076571675236861e+00 3.748518686084050699e+00 -3.787795227689479821e-02
1.466076571675236861e+00 3.990358601315279863e+00 -9.174033835307232945e-03
1.466076571675236861e+00 4.232198516546509026e+00 -3.919865150658976313e-04
1.466076571675236861e+00 4.474038431777737301e+00 1.118440348371676834e-03
1.466076571675236861e+00 4.715878347008967353e+00 1.398616960708995742e-03
1.466076571675236861e+00 4.957718262240196516e+00 1.487603701987622647e-03
1.466076571675236861e+00 5.199558177471425680e+00 1.094767116506176847e-03
1.466076571675236861e+00 5.441398092702654843e+00 2.599929004997104031e-04
1.466076571675236861e+00 5.683238007933883118e+00 -9.207729584505645057e-04
1.466076571675236861e+00 5.925077923165112281e+00 -2.302842879439756085e-03
1.466076571675236861e+00 6.166917838396341445e+00 -3.672404653060660443e-03
1.675516081914556255e+00 -9.673596609249163203e-01 -4.127431208928109170e-03
1.675516081914556255e+00 -7.255197456936872680e-01 -5.920816553688543551e-03
1.675516081914556255e+00 -4.836798304624581601e-01 -7.670319024436733982e-03
1.675516081914556255e+00 -2.418399152312290523e-01 -7.880236047456943421e-03
1.675516081914556255e+00 0.000000000000000000e+00 -6.263898866716194856e-03
1.675516081914556255e+00 2.418399152312290523e-01 -4.854408400429644464e-03
1.675516081914556255e+00 4.836798304624582157e-01 -4.091724279124062114e-03
1.675516081914556255e+00 7.255197456936871570e-01 -3.007878347902916832e-03
1.675516081914556255e+00 9.673596609249163203e-01 -1.556257653712459941e-03
1.675516081914556255e+00 1.209199576156145373e+00 -2.238641729416192467e-04
1.675516081914556255e+00 1.451039491387374536e+00 6.769393905944475105e-04
1.675516081914556255e+00 1.692879406618603255e+00 7.572546991409327124e-04
1.675516081914556255e+00 1.934719321849832863e+00 -2.881589631297159018e-04
1.675516081914556255e+00 2.176559237081062026e+00 -2.692099577125444971e-03
1.675516081914556255e+00 2.418399152312290745e+00 -7.283016349284631395e-03
1.675516081914556255e+00 2.660239067543519909e+00 -1.610773739104699037e-02
1.675516081914556255e+00 2.902078982774749072e+00 -3.347403109224766221e-02
1.675516081914556255e+00 3.143918898005977791e+00 -6.639449874699590581e-02
1.675516081914556255e+00 3.385758813237206954e+00 -9.906088551500731587e-02
1.675516081914556255e+00 3.627598728468436118e+00 -7.657052328257882290e-02
1.675516081914556255e+00 3.869438643699665281e+00 -2.935375841850533865e-02
1.675516081914556255e+00 4.111278558930894000e+00 -8.149868808408154003e-03
1.675516081914556255e+00 4.353118474162122276e+00 -1.924191697111611067e-03
1.675516081914556255e+00 4.594958389393352327e+00 8.153877300434426816e-05
1.675516081914556255e+00 4.836798304624581490e+00 1.244864964096656281e-03
1.675516081914556255e+00 5.078638219855810654e+00 1.861535929489420210e-03
1.675516081914556255e+00 5.320478135087039817e+00 1.609736499276473096e-03
1.675516081914556255e+00 5.562318050318268092e+00 5.961544865605114974e-04
1.675516081914556255e+00 5.804157965549497256e+00 -8.712048232732429696e-04
1.675516081914556255e+00 6.045997880780726419e+00 -2.498676990825489386e-03
1.884955592153875870e+00 -1.088279618540530791e+00 -2.595484439758959615e-03
1.884955592153875870e+00 -8.464397033093017386e-01 -4.494072968594137185e-03
1.884955592153875870e+00 -6.045997880780726863e-01 -6.636959196849872775e-03
1.884955592153875870e+00 -3.627598728468435230e-01 -8.177945126467141279e-03
1.884955592153875870e+00 -1.209199576156144706e-01 -7.609095025523834530e-03
1.884955592153875870e+00 1.209199576156145817e-01 -5.822210638949622784e-03
1.884955592153875870e+00 3.627598728468437450e-01 -4.513508260364668470e-03
1.884955592153875870e+00 6.045997880780726863e-01 -3.434185556991534681e-03
1.884955592153875870e+00 8.464397033093018496e-01 -1.964973099352792553e-03
1.884955592153875870e+00 1.088279618540530791e+00 -4.347346086714934041e-04
1.884955592153875870e+00 1.330119533771759954e+00 7.770520680595873440e-04
1.884955592153875870e+00 1.571959449002988674e+00 1.396117238147531964e-03
1.884955592153875870e+00 1.813799364234218281e+00 9.452404703294011541e-04
1.884955592153875870e+00 2.055639279465447444e+00 -9.902244098588862484e-04
1.884955592153875870e+00 2.297479194696676164e+00 -5.088022803360258729e-03
1.884955592153875870e+00 2.539319109927905327e+00 -1.347965710827058426e-02
1.884955592153875870e+00 2.781159025159134490e+00 -3.165838704801090392e-02
1.884955592153875870e+00 3.022998940390363209e+00 -6.871140049994396704e-02
1.884955592153875870e+00 3.264838855621592373e+00 -1.199653346192318532e-01
1.884955592153875870e+00 3.506678770852821536e+00 -1.333780047781100431e-01
1.884955592153875870e+00 3.748518686084050699e+00 -8.209048546301679627e-02
1.884955592153875870e+00 3.990358601315279863e+00 -3.273770411259196295e-02
1.884955592153875870e+00 4.232198516546508138e+00 -1.119134961708052878e-02
1.884955592153875870e+00 4.474038431777738190e+00 -3.398540611734751637e-03
1.884955592153875870e+00 4.715878347008967353e+00 -1.880557546197562100e-04
1.884955592153875870e+00 4.957718262240196516e+00 1.672809617443343127e-03
1.884955592153875870e+00 5.199558177471425680e+00 2.544091319442322481e-03
1.884955592153875870e+00 5.441398092702653955e+00 2.184415385412492167e-03
1.884955592153875870e+00 5.683238007933883118e+00 9.178497867681621085e-04
1.884955592153875870e+00 5.925077923165112281e+00 -7.744924941337212425e-04
2.094395102393195263e+00 -1.209199576156145373e+00 -5.748112386125429690e-04
2.094395102393195263e+00 -9.673596609249163203e-01 -2.473468533735474154e-03
2.094395102393195263e+00 -7.255197456936872680e-01 -4.542600909787377315e-03
2.094395102393195263e+00 -4.836798304624581046e-01 -6.719686395927099154e-03
2.094395102393195263e+00 -2.418399152312290523e-01 -7.704191819991377740e-03
2.094395102393195263e+00 0.000000000000000000e+00 -6.789458914109164182e-03
2.094395102393195263e+00 2.418399152312291633e-01 -5.065837444190425878e-03
2.094395102393195263e+00 4.836798304624581046e-01 -3.597239448702774494e-03
2.094395102393195263e+00 7.255197456936872680e-01 -2.189582306604500716e-03
2.094395102393195263e+00 9.673596609249162093e-01 -6.524843073221528022e-04
2.094395102393195263e+00 1.209199576156145373e+00 7.077871697434835697e-04
2.094395102393195263e+00 1.451039491387374092e+00 1.659684793943735437e-03
2.094395102393195263e+00 1.692879406618603699e+00 1.823258440767065768e-03
2.094395102393195263e+00 1.934719321849832863e+00 6.548419978957240343e-04
2.094395102393195263e+00 2.176559237081061582e+00 -2.476933712559061841e-03
2.094395102393195263e+00 2.418399152312290745e+00 -9.258652457855072460e-03
2.094395102393195263e+00 2.660239067543519909e+00 -2.454025291927731944e-02
2.094395102393195263e+00 2.902078982774748628e+00 -5.740411371427761589e-02
2.094395102393195263e+00 3.143918898005977791e+00 -1.099618842418181308e-01
2.094395102393195263e+00 3.385758813237206954e+00 -1.551555680059140130e-01
2.094395102393195263e+00 3.627598728468436118e+00 -1.461858161036109494e-01
2.094395102393195263e+00 3.869438643699665281e+00 -8.754857789852241168e-02
2.094395102393195263e+00 4.111278558930893112e+00 -3.709228819087111162e-02
2.094395102393195263e+00 4.353118474162123164e+00 -1.267206113431627174e-02
2.094395102393195263e+00 4.594958389393353215e+00 -3.326378811739066216e-03
2.094395102393195263e+00 4.836798304624581490e+00 5.376914076913660986e-04
2.094395102393195263e+00 5.078638219855811542e+00 2.634959601448495694e-03
2.094395102393195263e+00 5.320478135087039817e+00 3.336263881241771732e-03
2.094395102393195263e+00 5.562318050318268092e+00 2.705148659261168327e-03
2.094395102393195263e+00 5.804157965549498144e+00 1.231621486458575696e-03
2.303834612632514656e+00 -1.330119533771759732e+00 1.476133962099972956e-03
2.303834612632514656e+00 -1.088279618540530569e+00 -2.985308818265509380e-04
2.303834612632514656e+00 -8.464397033093016276e-01 -2.104326154126786100e-03
2.303834612632514656e+00 -6.045997880780724643e-01 -4.077937074742924752e-03
2.303834612632514656e+00 -3.627598728468434119e-01 -5.772695107266080129e-03
2.303834612632514656e+00 -1.209199576156143596e-01 -6.105937926582409407e-03
2.303834612632514656e+00 1.209199576156148037e-01 -5.124380746257438217e-03
2.303834612632514656e+00 3.627598728468437450e-01 -3.524225571935384223e-03
2.303834612632514656e+00 6.045997880780729083e-01 -2.081069682945391273e-03
2.303834612632514656e+00 8.464397033093018496e-01 -7.386533712968983145e-04
2.303834612632514656e+00 1.088279618540531013e+00 5.664596976930061844e-04
2.303834612632514656e+00 1.330119533771759732e+00 1.660198232860713883e-03
2.303834612632514656e+00 1.571959449002989340e+00 2.234895051998868516e-03
2.303834612632514656e+00 1.813799364234218503e+00 1.790514919297505085e-03
2.303834612632514656e+00 2.055639279465447444e+00 -2.245303186998251499e-04
2.303834612632514656e+00 2.297479194696676608e+00 -5.022820844013636647e-03
2.303834612632514656e+00 2.539319109927905771e+00 -1.619067147192022188e-02
2.303834612632514656e+00 2.781159025159134046e+00 -3.952237705005342411e-02
2.303834612632514656e+00 3.022998940390363209e+00 -7.606248871569298853e-02
2.303834612632514656e+00 3.264838855621592373e+00 -1.145876488347701977e-01
2.303834612632514656e+00 3.506678770852821536e+00 -1.350449087538140025e-01
2.303834612632514656e+00 3.748518686084050699e+00 -1.156618909675148493e-01
2.303834612632514656e+00 3.990358601315278975e+00 -7.034911007300859165e-02
2.303834612632514656e+00 4.232198516546509026e+00 -3.213336868349702530e-02
2.303834612632514656e+00 4.474038431777738190e+00 -1.097161707056963642e-02
2.303834612632514656e+00 4.715878347008967353e+00 -1.840461842660121418e-03
2.303834612632514656e+00 4.957718262240196516e+00 1.976947258219526223e-03
2.303834612632514656e+00 5.199558177471424791e+00 3.724982170044995392e-03
2.303834612632514656e+00 5.441398092702653955e+00 3.994587993247521521e-03
2.303834612632514656e+00 5.683238007933883118e+00 3.070406065867258612e-03
2.513274122871834493e+00 -1.451039491387374536e+00 3.080248843809680389e-03
2.513274122871834493e+00 -1.209199576156145373e+00 1.479838834572030654e-03
2.513274122871834493e+00 -9.673596609249164313e-01 -9.067772755509528459e-05
2.513274122871834493e+00 -7.255197456936872680e-01 -1.593363957034967101e-03
2.513274122871834493e+00 -4.836798304624582157e-01 -3.107047045269090060e-03
2.513274122871834493e+00 -2.418399152312291633e-01 -3.943877046170547566e-03
2.513274122871834493e+00 0.000000000000000000e+00 -3.809058995292554685e-03
2.513274122871834493e+00 2.418399152312289413e-01 -2.972084617950567723e-03
2.513274122871834493e+00 4.836798304624581046e-01 -1.771516210520660255e-03
2.513274122871834493e+00 7.255197456936870459e-01 -6.886861870646926063e-04
2.513274122871834493e+00 9.673596609249162093e-01 3.507591217880836536e-04
2.513274122871834493e+00 1.209199576156144929e+00 1.399809318124299595e-03
2.513274122871834493e+00 1.451039491387374536e+00 2.190874160986468287e-03
2.513274122871834493e+00 1.692879406618603699e+00 2.265974815470477629e-03
2.513274122871834493e+00 1.934719321849832419e+00 1.173836838535145116e-03
2.513274122871834493e+00 2.176559237081061582e+00 -1.708791688879181432e-03
2.513274122871834493e+00 2.418399152312290745e+00 -8.540567918724085300e-03
2.513274122871834493e+00 2.660239067543519464e+00 -2.189118217047866799e-02
2.513274122871834493e+00 2.902078982774748628e+00 -4.054602004674039833e-02
2.513274122871834493e+00 3.143918898005977791e+00 -6.007143817894215060e-02
2.513274122871834493e+00 3.385758813237206954e+00 -7.603547635667493032e-02
2.513274122871834493e+00 3.627598728468436118e+00 -7.918769316393255153e-02
2.513274122871834493e+00 3.869438643699664393e+00 -6.357113046957878211e-02
2.513274122871834493e+00 4.111278558930894889e+00 -4.029754077652696748e-02
2.513274122871834493e+00 4.353118474162123164e+00 -2.018900119470852864e-02
2.513274122871834493e+00 4.594958389393353215e+00 -6.552012912836133358e-03
2.513274122871834493e+00 4.836798304624581490e+00 4.929197259029121899e-04
2.513274122871834493e+00 5.078638219855809766e+00 3.407690784562824541e-03
2.513274122871834493e+00 5.320478135087039817e+00 4.451349104338049763e-03
2.513274122871834493e+00 5.562318050318268092e+00 4.251940188694448147e-03
2.722713633111154330e+00 -1.571959449002989118e+00 3.773346266642871750e-03
2.722713633111154330e+00 -1.330119533771759954e+00 2.451748511354825792e-03
2.722713633111154330e+00 -1.088279618540531013e+00 1.035917706731838330e-03
2.722713633111154330e+00 -8.464397033093018496e-01 -6.093153733206966384e-05
2.722713633111154330e+00 -6.045997880780727973e-01 -1.071221877351673539e-03
2.722713633111154330e+00 -3.627598728468437450e-01 -1.894254217187261178e-03
2.722713633111154330e+00 -1.209199576156145817e-01 -1.992200983327264193e-03
2.722713633111154330e+00 1.209199576156143596e-01 -1.844710724955189686e-03
2.722713633111154330e+00 3.627598728468435230e-01 -1.436363867361428737e-03
2.722713633111154330e+00 6.045997880780724643e-01 -7.408617349039234084e-04
2.722713633111154330e+00 8.464397033093016276e-01 -5.935400962939884885e-05
2.722713633111154330e+00 1.088279618540530347e+00 7.605870469700701545e-04
2.722713633111154330e+00 1.330119533771759954e+00 1.594976791797892996e-03
2.722713633111154330e+00 1.571959449002989118e+00 1.990744786365698273e-03
2.722713633111154330e+00 1.813799364234217837e+00 1.591285919226399434e-03
2.722713633111154330e+00 2.055639279465447000e+00 2.114834180239963802e-04
2.722713633111154330e+00 2.297479194696676164e+00 -2.886189549961437010e-03
2.722713633111154330e+00 2.539319109927904883e+00 -8.807635773673520505e-03
2.722713633111154330e+00 2.781159025159134046e+00 -1.688967018663191030e-02
2.722713633111154330e+00 3.022998940390363209e+00 -2.568738007233454732e-02
2.722713633111154330e+00 3.264838855621592373e+00 -3.394532603983253100e-02
2.722713633111154330e+00 3.506678770852821536e+00 -3.867325149686001717e-02
2.722713633111154330e+00 3.748518686084049811e+00 -3.609296326718509917e-02
2.722713633111154330e+00 3.990358601315279863e+00 -2.743727229748605181e-02
2.722713633111154330e+00 4.232198516546509026e+00 -1.776532974614671370e-02
2.722713633111154330e+00 4.474038431777738190e+00 -8.987900127362743671e-03
2.722713633111154330e+00 4.715878347008967353e+00 -1.791715506207489702e-03
2.722713633111154330e+00 4.957718262240195628e+00 2.361092302533968762e-03
2.722713633111154330e+00 5.199558177471424791e+00 3.991747138704534320e-03
2.722713633111154330e+00 5.441398092702653955e+00 4.369704935802048128e-03
2.932153143350473723e+00 -1.692879406618603477e+00 3.229110414260835584e-03
2.932153143350473723e+00 -1.451039491387374314e+00 2.207713442477193377e-03
2.932153143350473723e+00 -1.209199576156145373e+00 9.224919052868186002e-04
2.932153143350473723e+00 -9.673596609249162093e-01 1.127032781203634177e-04
2.932153143350473723e+00 -7.255197456936871570e-01 -2.900159108284051240e-04
2.932153143350473723e+00 -4.836798304624581046e-01 -8.333389271495257556e-04
2.932153143350473723e+00 -2.418399152312289413e-01 -9.501183397303941116e-04
2.932153143350473723e+00 0.000000000000000000e+00 -9.373850430127936284e-04
2.932153143350473723e+00 2.418399152312291633e-01 -1.320148852441255108e-03
2.932153143350473723e+00 4.836798304624581046e-01 -1.363493987199489166e-03
2.932153143350473723e+00 7.255197456936872680e-01 -1.086514493727907963e-03
2.932153143350473723e+00 9.673596609249159872e-01 -6.148154590299325555e-04
2.932153143350473723e+00 1.209199576156145595e+00 1.777780167678362695e-04
2.932153143350473723e+00 1.451039491387374758e+00 8.444785296887946310e-04
2.932153143350473723e+00 1.692879406618603477e+00 1.032044762205951540e-03
2.932153143350473723e+00 1.934719321849832641e+00 7.637961635003512415e-04
2.932153143350473723e+00 2.176559237081061582e+00 -1.353290639104488781e-04
2.932153143350473723e+00 2.418399152312290745e+00 -2.275651716478254392e-03
2.932153143350473723e+00 2.660239067543519909e+00 -5.882115646552993696e-03
2.932153143350473723e+00 2.902078982774749072e+00 -1.050571286060668352e-02
2.932153143350473723e+00 3.143918898005978235e+00 -1.525804979895224039e-02
2.932153143350473723e+00 3.385758813237207399e+00 -1.859512625508413092e-02
2.932153143350473723e+00 3.627598728468435674e+00 -1.883119362969235683e-02
2.932153143350473723e+00 3.869438643699665725e+00 -1.583292694227062328e-02
2.932153143350473723e+00 4.111278558930894889e+00 -1.140824345696041416e-02
2.932153143350473723e+00 4.353118474162124052e+00 -7.025047874939953363e-03
2.932153143350473723e+00 4.594958389393353215e+00 -2.775067959854831453e-03
2.932153143350473723e+00 4.836798304624581490e+00 7.985107186397624951e-04
2.932153143350473723e+00 5.078638219855810654e+00 2.789352941837799742e-03
2.932153143350473723e+00 5.320478135087039817e+00 3.460267752597343330e-03
3.141592653589793116e+00 -1.813799364234218059e+00 2.021054543856020541e-03
3.141592653589793116e+00 -1.571959449002988896e+00 8.732176633542280183e-04
3.141592653589793116e+00 -1.330119533771759954e+00 -7.073442601727489547e-04
3.141592653589793116e+00 -1.088279618540530791e+00 -1.773836299705194679e-03
3.141592653589793116e+00 -8.464397033093017386e-01 -1.873200579354961136e-03
3.141592653589793116e+00 -6.045997880780726863e-01 -1.839704523227048876e-03
3.141592653589793116e+00 -3.627598728468435230e-01 -1.689375274010714413e-03
3.141592653589793116e+00 -1.209199576156145817e-01 -1.231575323259840715e-03
3.141592653589793116e+00 1.209199576156145817e-01 -1.945295979185000541e-03
3.141592653589793116e+00 3.627598728468435230e-01 -3.134698189056640567e-03
3.141592653589793116e+00 6.045997880780726863e-01 -3.684739541010985820e-03
3.141592653589793116e+00 8.464397033093014056e-01 -3.822577030658477239e-03
3.141592653589793116e+00 1.088279618540531013e+00 -2.979172312818759161e-03
3.141592653589793116e+00 1.330119533771760176e+00 -1.518058461750850744e-03
3.141592653589793116e+00 1.571959449002988896e+00 -3.768476304692881373e-04
3.141592653589793116e+00 1.813799364234218059e+00 3.409659189554178774e-04
3.141592653589793116e+00 2.055639279465447444e+00 6.275139839253087489e-04
3.141592653589793116e+00 2.297479194696675719e+00 5.941777629588281819e-05
3.141592653589793116e+00 2.539319109927904883e+00 -1.674037201178645538e-03
3.141592653589793116e+00 2.781159025159134046e+00 -4.413997604575500139e-03
3.141592653589793116e+00 3.022998940390363209e+00 -7.509428992696847750e-03
3.141592653589793116e+00 3.264838855621592373e+00 -1.000631047615466694e-02
3.141592653589793116e+00 3.506678770852820648e+00 -1.096871382161498237e-02
3.141592653589793116e+00 3.748518686084050699e+00 -1.005352584714826539e-02
3.141592653589793116e+00 3.990358601315279863e+00 -7.906530656496045181e-03
3.141592653589793116e+00 4.232198516546509026e+00 -5.390409013448544014e-03
3.141592653589793116e+00 4.474038431777738190e+00 -2.793629134643013049e-03
3.141592653589793116e+00 4.715878347008966465e+00 -3.517621707600434048e-04
3.141592653589793116e+00 4.957718262240195628e+00 1.434642302480060175e-03
3.141592653589793116e+00 5.199558177471424791e+00 2.234047266285434964e-03
3.351032163829112509e+00 -1.934719321849832641e+00 1.284227860100535480e-03
3.351032163829112509e+00 -1.692879406618603477e+00 1.980338705281582592e-04
3.351032163829112509e+00 -1.451039491387374536e+00 -2.054055095795148667e-03
3.351032163829112509e+00 -1.209199576156145373e+00 -4.827529298340414547e-03
3.351032163829112509e+00 -9.673596609249163203e-01 -6.731839720615120405e-03
3.351032163829112509e+00 -7.255197456936872680e-01 -7.192710109036692598e-03
3.351032163829112509e+00 -4.836798304624581046e-01 -6.953034631442789847e-03
3.351032163829112509e+00 -2.418399152312291633e-01 -5.329023838970844626e-03
3.351032163829112509e+00 0.000000000000000000e+00 -4.767923083015014434e-03
3.351032163829112509e+00 2.418399152312289413e-01 -7.178222840535898423e-03
3.351032163829112509e+00 4.836798304624581046e-01 -9.242087322813473393e-03
3.351032163829112509e+00 7.255197456936868239e-01 -1.008873345726336163e-02
3.351032163829112509e+00 9.673596609249164313e-01 -8.966898090608113950e-03
3.351032163829112509e+00 1.209199576156145595e+00 -5.537662708959916434e-03
3.351032163829112509e+00 1.451039491387374314e+00 -2.415781228292833947e-03
3.351032163829112509e+00 1.692879406618603477e+00 -5.966821127100975118e-04
3.351032163829112509e+00 1.934719321849832641e+00 4.268858443508800698e-04
3.351032163829112509e+00 2.176559237081061582e+00 6.782584638645411217e-04
3.351032163829112509e+00 2.418399152312290745e+00 -6.747574840681542817e-06
3.351032163829112509e+00 2.660239067543519909e+00 -1.577839983732724554e-03
3.351032163829112509e+00 2.902078982774749072e+00 -3.654548961882253619e-03
3.351032163829112509e+00 3.143918898005978235e+00 -5.556708975839759306e-03
3.351032163829112509e+00 3.385758813237206510e+00 -6.679401834452833829e-03
3.351032163829112509e+00 3.627598728468436562e+00 -6.725058837683022678e-03
3.351032163829112509e+00 3.869438643699665725e+00 -5.815311204525080123e-03
3.351032163829112509e+00 4.111278558930894889e+00 -4.373736069141053590e-03
3.351032163829112509e+00 4.353118474162124052e+00 -2.685111629137341190e-03
3.351032163829112509e+00 4.594958389393352327e+00 -9.917849617207652024e-04
3.351032163829112509e+00 4.836798304624581490e+00 4.111678927833936972e-04
3.351032163829112509e+00 5.078638219855810654e+00 1.253442512849004377e-03
3.560471674068431902e+00 -2.055639279465447000e+00 7.955235587218852924e-04
3.560471674068431902e+00 -1.813799364234217837e+00 4.840168407747862003e-04
3.560471674068431902e+00 -1.571959449002988896e+00 -9.495783087100122732e-04
3.560471674068431902e+00 -1.330119533771759732e+00 -4.121157781247925152e-03
3.560471674068431902e+00 -1.088279618540530791e+00 -9.018419901044780196e-03
3.560471674068431902e+00 -8.464397033093016276e-01 -1.409513158760931743e-02
3.560471674068431902e+00 -6.045997880780724643e-01 -1.752651317297845152e-02
3.560471674068431902e+00 -3.627598728468435230e-01 -1.732604291139463668e-02
3.560471674068431902e+00 -1.209199576156143596e-01 -1.402009296635111854e-02
3.560471674068431902e+00 1.209199576156145817e-01 -1.529124574122387586e-02
3.560471674068431902e+00 3.627598728468437450e-01 -1.991667698704564782e-02
3.560471674068431902e+00 6.045997880780724643e-01 -1.991101770944182434e-02
3.560471674068431902e+00 8.464397033093020717e-01 -1.606301203101217004e-02
3.560471674068431902e+00 1.088279618540531235e+00 -9.803886667744633396e-03
3.560471674068431902e+00 1.330119533771759954e+00 -4.409670669033863982e-03
3.560471674068431902e+00 1.571959449002989118e+00 -1.592620950826015248e-03
3.560471674068431902e+00 1.813799364234218281e+00 -1.921655318061372682e-04
3.560471674068431902e+00 2.055639279465447000e+00 4.705444498994981219e-04
3.560471674068431902e+00 2.297479194696676164e+00 4.365919962635652512e-04
3.560471674068431902e+00 2.539319109927905327e+00 -2.980231141947772399e-04
3.560471674068431902e+00 2.781159025159134490e+00 -1.586873581803706487e-03
3.560471674068431902e+00 3.022998940390363654e+00 -2.999303663169871487e-03
3.560471674068431902e+00 3.264838855621591929e+00 -4.038379907385003867e-03
3.560471674068431902e+00 3.506678770852821980e+00 -4.442654081670137541e-03
3.560471674068431902e+00 3.748518686084051144e+00 -4.201692669917119968e-03
3.560471674068431902e+00 3.990358601315280307e+00 -3.488041418543834458e-03
3.560471674068431902e+00 4.232198516546509026e+00 -2.494270461059171131e-03
3.560471674068431902e+00 4.474038431777737301e+00 -1.379137285475922096e-03
3.560471674068431902e+00 4.715878347008967353e+00 -3.421853787945785532e-04
3.560471674068431902e+00 4.957718262240195628e+00 4.338291203980171274e-04
3.769911184307751739e+00 -2.176559237081061582e+00 1.337308374354778781e-04
3.769911184307751739e+00 -1.934719321849832419e+00 3.718713284257790493e-04
3.769911184307751739e+00 -1.692879406618603477e+00 1.470877493348262137e-04
3.769911184307751739e+00 -1.451039491387374314e+00 -1.072021409912816406e-03
3.769911184307751739e+00 -1.209199576156145373e+00 -4.422088080851599955e-03
3.769911184307751739e+00 -9.673596609249162093e-01 -1.092587432796164777e-02
3.769911184307751739e+00 -7.255197456936870459e-01 -1.967653844237820387e-02
3.769911184307751739e+00 -4.836798304624581046e-01 -2.776579156926969189e-02
3.769911184307751739e+00 -2.418399152312289413e-01 -2.928253391102899478e-02
3.769911184307751739e+00 0.000000000000000000e+00 -2.699726916329028489e-02
3.769911184307751739e+00 2.418399152312291633e-01 -3.121515550952589854e-02
3.769911184307751739e+00 4.836798304624578826e-01 -2.999538131230228277e-02
3.769911184307751739e+00 7.255197456936874900e-01 -2.051081473541791281e-02
3.769911184307751739e+00 9.673596609249166534e-01 -1.159654464706326785e-02
3.769911184307751739e+00 1.209199576156145373e+00 -5.416794943329600147e-03
3.769911184307751739e+00 1.451039491387374536e+00 -2.306194204601348142e-03
3.769911184307751739e+00 1.692879406618603699e+00 -8.727597621761735980e-04
3.769911184307751739e+00 1.934719321849832419e+00 -1.037127159365624070e-04
3.769911184307751739e+00 2.176559237081061582e+00 1.957400940823582705e-04
3.769911184307751739e+00 2.418399152312290745e+00 1.886319709787553225e-05
3.769911184307751739e+00 2.660239067543519909e+00 -6.350106691421033601e-04
3.769911184307751739e+00 2.902078982774749072e+00 -1.621436520428922367e-03
3.769911184307751739e+00 3.143918898005977347e+00 -2.539387864022130473e-03
3.769911184307751739e+00 3.385758813237207399e+00 -3.055358306425696654e-03
3.769911184307751739e+00 3.627598728468436562e+00 -3.112016646423271249e-03
3.769911184307751739e+00 3.869438643699665725e+00 -2.812076033112163777e-03
3.769911184307751739e+00 4.111278558930894889e+00 -2.290265128985783522e-03
3.769911184307751739e+00 4.353118474162123164e+00 -1.634240035887360052e-03
3.769911184307751739e+00 4.594958389393352327e+00 -9.413849903479194195e-04
3.769911184307751739e+00 4.836798304624581490e+00 -3.296314879678851630e-04
3.979350694547071132e+00 -2.297479194696676164e+00 -6.690473499456308292e-04
3.979350694547071132e+00 -2.055639279465447000e+00 -2.561353740698445983e-04
3.979350694547071132e+00 -1.813799364234218059e+00 1.122366168196445155e-04
3.979350694547071132e+00 -1.571959449002988896e+00 2.313698787026857414e-04
3.979350694547071132e+00 -1.330119533771759954e+00 -4.465112944721162549e-04
3.979350694547071132e+00 -1.088279618540530791e+00 -3.046003980354921193e-03
3.979350694547071132e+00 -8.464397033093016276e-01 -9.003374455357687073e-03
3.979350694547071132e+00 -6.045997880780726863e-01 -1.903059344717384846e-02
3.979350694547071132e+00 -3.627598728468435230e-01 -3.108595330030843387e-02
3.979350694547071132e+00 -1.209199576156145817e-01 -3.560833714577978093e-02
3.979350694547071132e+00 1.209199576156145817e-01 -3.690317462426467160e-02
3.979350694547071132e+00 3.627598728468433009e-01 -3.243318405218206107e-02
3.979350694547071132e+00 6.045997880780729083e-01 -1.931745748062402984e-02
3.979350694547071132e+00 8.464397033093020717e-01 -9.875584118969747000e-03
3.979350694547071132e+00 1.088279618540530791e+00 -5.010342112486221820e-03
3.979350694547071132e+00 1.330119533771759954e+00 -2.589789956342959578e-03
3.979350694547071132e+00 1.571959449002989118e+00 -1.469040074009293501e-03
3.979350694547071132e+00 1.813799364234217837e+00 -8.040901143177323985e-04
3.979350694547071132e+00 2.055639279465447000e+00 -4.036661585072102401e-04
3.979350694547071132e+00 2.297479194696676164e+00 -2.896882334934473640e-04
3.979350694547071132e+00 2.539319109927905327e+00 -4.740105226614264779e-04
3.979350694547071132e+00 2.781159025159134490e+00 -9.606440834910606090e-04
3.979350694547071132e+00 3.022998940390362765e+00 -1.650262611311899752e-03
3.979350694547071132e+00 3.264838855621592817e+00 -2.244503619916185348e-03
3.979350694547071132e+00 3.506678770852821980e+00 -2.496818810852193156e-03
3.979350694547071132e+00 3.748518686084051144e+00 -2.417362935940612061e-03
3.979350694547071132e+00 3.990358601315280307e+00 -2.154656061041550306e-03
3.979350694547071132e+00 4.232198516546509026e+00 -1.829223210801738525e-03
3.979350694547071132e+00 4.474038431777737301e+00 -1.466318653834006126e-03
3.979350694547071132e+00 4.715878347008967353e+00 -1.072152151655941755e-03
4.188790204786390525e+00 -2.418399152312290745e+00 -1.616023258079765743e-03
4.188790204786390525e+00 -2.176559237081061582e+00 -1.215208583352835395e-03
4.188790204786390525e+00 -1.934719321849832641e+00 -6.331703775741410719e-04
4.188790204786390525e+00 -1.692879406618603477e+00 4.752307787819781980e-05
4.188790204786390525e+00 -1.451039491387374536e+00 5.636645329216796209e-04
4.188790204786390525e+00 -1.209199576156145373e+00 4.508192738622070358e-04
4.188790204786390525e+00 -9.673596609249162093e-01 -1.380814674613490027e-03
4.188790204786390525e+00 -7.255197456936872680e-01 -6.961309205560396556e-03
4.188790204786390525e+00 -4.836798304624581046e-01 -1.775662208821216989e-02
4.188790204786390525e+00 -2.418399152312291633e-01 -3.093192579074745957e-02
4.188790204786390525e+00 0.000000000000000000e+00 -3.832066095866422384e-02
4.188790204786390525e+00 2.418399152312287193e-01 -3.303897899439097591e-02
4.188790204786390525e+00 4.836798304624583267e-01 -1.690691849812077721e-02
4.188790204786390525e+00 7.255197456936874900e-01 -6.546191670789812400e-03
4.188790204786390525e+00 9.673596609249162093e-01 -3.508448887819364849e-03
4.188790204786390525e+00 1.209199576156145373e+00 -2.473789043774721370e-03
4.188790204786390525e+00 1.451039491387374536e+00 -1.976634186319920980e-03
4.188790204786390525e+00 1.692879406618603255e+00 -1.554461659848669448e-03
4.188790204786390525e+00 1.934719321849832419e+00 -1.177547400603216757e-03
4.188790204786390525e+00 2.176559237081061582e+00 -9.617502236885684674e-04
4.188790204786390525e+00 2.418399152312290745e+00 -9.337934208665458601e-04
4.188790204786390525e+00 2.660239067543519909e+00 -1.069097889764222993e-03
4.188790204786390525e+00 2.902078982774748184e+00 -1.355340386258348457e-03
4.188790204786390525e+00 3.143918898005978235e+00 -1.755019725073811779e-03
4.188790204786390525e+00 3.385758813237207399e+00 -2.107890903737871281e-03
4.188790204786390525e+00 3.627598728468436562e+00 -2.242826465370037058e-03
4.188790204786390525e+00 3.869438643699665725e+00 -2.201770001910199025e-03
4.188790204786390525e+00 4.111278558930894000e+00 -2.131172861948467216e-03
4.188790204786390525e+00 4.353118474162123164e+00 -2.049319585556090128e-03
4.188790204786390525e+00 4.594958389393352327e+00 -1.885631940960793250e-03
4.398229715025710362e+00 -2.539319109927905327e+00 -2.746293669077036308e-03
4.398229715025710362e+00 -2.297479194696676164e+00 -2.489064394845990572e-03
4.398229715025710362e+00 -2.055639279465447000e+00 -1.883883126591306273e-03
4.398229715025710362e+00 -1.813799364234218059e+00 -8.991570255690739142e-04
4.398229715025710362e+00 -1.571959449002989118e+00 1.392681246287320667e-04
4.398229715025710362e+00 -1.330119533771759954e+00 8.456190667638052412e-04
4.398229715025710362e+00 -1.088279618540530791e+00 8.188878700254114372e-04
4.398229715025710362e+00 -8.464397033093018496e-01 -1.302452775578905519e-03
4.398229715025710362e+00 -6.045997880780726863e-01 -7.484028715982795829e-03
4.398229715025710362e+00 -3.627598728468437450e-01 -1.894213604593915010e-02
4.398229715025710362e+00 -1.209199576156145817e-01 -3.253822260961478086e-02
4.398229715025710362e+00 1.209199576156141376e-01 -3.398413459995116431e-02
4.398229715025710362e+00 3.627598728468437450e-01 -1.840421830288978614e-02
4.398229715025710362e+00 6.045997880780729083e-01 -5.511662652050505241e-03
4.398229715025710362e+00 8.464397033093016276e-01 -1.927155841583258868e-03
4.398229715025710362e+00 1.088279618540530791e+00 -2.092123089299952835e-03
4.398229715025710362e+00 1.330119533771759954e+00 -2.469956148017903638e-03
4.398229715025710362e+00 1.571959449002988674e+00 -2.419702129435170618e-03
4.398229715025710362e+00 1.813799364234217837e+00 -2.075215581367901782e-03
4.398229715025710362e+00 2.055639279465447000e+00 -1.801594011748734693e-03
4.398229715025710362e+00 2.297479194696676164e+00 -1.694621677921926599e-03
4.398229715025710362e+00 2.539319109927905327e+00 -1.681020741077202292e-03
4.398229715025710362e+00 2.781159025159133602e+00 -1.715436379977971484e-03
4.398229715025710362e+00 3.022998940390363654e+00 -1.800876315730930632e-03
4.398229715025710362e+00 3.264838855621592817e+00 -1.963963823481369459e-03
4.398229715025710362e+00 3.506678770852821980e+00 -2.173239485631707577e-03
4.398229715025710362e+00 3.748518686084051144e+00 -2.359096885526065432e-03
4.398229715025710362e+00 3.990358601315279419e+00 -2.533241544465858128e-03
4.398229715025710362e+00 4.232198516546509026e+00 -2.699878269148149254e-03
4.398229715025710362e+00 4.474038431777737301e+00 -2.793032948779733144e-03
4.607669225265029311e+00 -2.660239067543519464e+00 -3.976564274020429751e-03
4.607669225265029311e+00 -2.418399152312290301e+00 -4.032043277558589739e-03
4.607669225265029311e+00 -2.176559237081061138e+00 -3.600273766513144378e-03
4.607669225265029311e+00 -1.934719321849832196e+00 -2.424327112813878023e-03
4.607669225265029311e+00 -1.692879406618603255e+00 -8.991960095908809337e-04
4.607669225265029311e+00 -1.451039491387374092e+00 2.121582253433385501e-04
4.607669225265029311e+00 -1.209199576156144929e+00 7.431369511382622615e-04
4.607669225265029311e+00 -9.673596609249159872e-01 3.243507624970683569e-04
4.607669225265029311e+00 -7.255197456936868239e-01 -2.359482866851122553e-03
4.607669225265029311e+00 -4.836798304624578826e-01 -9.497187349217714458e-03
4.607669225265029311e+00 -2.418399152312287193e-01 -2.192349548665465872e-02
4.607669225265029311e+00 0.000000000000000000e+00 -3.038381290645280827e-02
4.607669225265029311e+00 2.418399152312296074e-01 -2.051578397880198662e-02
4.607669225265029311e+00 4.836798304624587708e-01 -7.191328265743062408e-03
4.607669225265029311e+00 7.255197456936874900e-01 -1.894776763357245613e-03
4.607669225265029311e+00 9.673596609249166534e-01 -1.816364165284089800e-03
4.607669225265029311e+00 1.209199576156145817e+00 -2.963329543056647617e-03
4.607669225265029311e+00 1.451039491387374536e+00 -3.484208208286638294e-03
4.607669225265029311e+00 1.692879406618603699e+00 -3.178093422597922692e-03
4.607669225265029311e+00 1.934719321849832863e+00 -2.753607309587321420e-03
4.607669225265029311e+00 2.176559237081062026e+00 -2.587550913987146477e-03
4.607669225265029311e+00 2.418399152312291189e+00 -2.515463624921921403e-03
4.607669225265029311e+00 2.660239067543519464e+00 -2.426220011003252762e-03
4.607669225265029311e+00 2.902078982774749516e+00 -2.327896901366096217e-03
4.607669225265029311e+00 3.143918898005978679e+00 -2.259511015227074014e-03
4.607669225265029311e+00 3.385758813237207843e+00 -2.305911470223777782e-03
4.607669225265029311e+00 3.627598728468437006e+00 -2.537473056313280153e-03
4.607669225265029311e+00 3.869438643699665281e+00 -2.910357267734143150e-03
4.607669225265029311e+00 4.111278558930894889e+00 -3.324219199330221385e-03
4.607669225265029311e+00 4.353118474162123164e+00 -3.702225655254846436e-03
4.817108735504350037e+00 -2.781159025159134490e+00 -5.101618074017113223e-03
4.817108735504350037e+00 -2.539319109927905327e+00 -5.597148421311209585e-03
4.817108735504350037e+00 -2.297479194696676164e+00 -5.599399856509076900e-03
4.817108735504350037e+00 -2.055639279465447444e+00 -4.627231247473561487e-03
4.817108735504350037e+00 -1.813799364234218281e+00 -2.855792722854659602e-03
4.817108735504350037e+00 -1.571959449002989118e+00 -1.271491968570960225e-03
4.817108735504350037e+00 -1.330119533771759954e+00 -2.899186331192879647e-04
4.817108735504350037e+00 -1.088279618540531013e+00 1.327671046649508036e-04
4.817108735504350037e+00 -8.464397033093018496e-01 -4.871204803859653393e-04
4.817108735504350037e+00 -6.045997880780729083e-01 -3.646774951583505332e-03
4.817108735504350037e+00 -3.627598728468437450e-01 -1.201629544887451717e-02
4.817108735504350037e+00 -1.209199576156150258e-01 -2.243906962167410007e-02
4.817108735504350037e+00 1.209199576156145817e-01 -2.042050740393038660e-02
4.817108735504350037e+00 3.627598728468437450e-01 -9.160566279972075232e-03
4.817108735504350037e+00 6.045997880780724643e-01 -3.113024496907086484e-03
4.817108735504350037e+00 8.464397033093016276e-01 -2.211660218302635358e-03
4.817108735504350037e+00 1.088279618540530791e+00 -3.464098320505178911e-03
4.817108735504350037e+00 1.330119533771759510e+00 -4.923473738938038621e-03
4.817108735504350037e+00 1.571959449002988674e+00 -5.135621005290366171e-03
4.817108735504350037e+00 1.813799364234217837e+00 -4.316179092074916117e-03
4.817108735504350037e+00 2.055639279465447000e+00 -3.728542719518807436e-03
4.817108735504350037e+00 2.297479194696676164e+00 -3.545016360062815293e-03
4.817108735504350037e+00 2.539319109927904439e+00 -3.372961418341203967e-03
4.817108735504350037e+00 2.781159025159134490e+00 -3.138626197202233972e-03
4.817108735504350037e+00 3.022998940390363654e+00 -2.908588854401284677e-03
4.817108735504350037e+00 3.264838855621592817e+00 -2.763279908800792863e-03
4.817108735504350037e+00 3.506678770852821980e+00 -2.833628055826023853e-03
4.817108735504350037e+00 3.748518686084050255e+00 -3.200312912799034570e-03
4.817108735504350037e+00 3.990358601315279419e+00 -3.784049216450398236e-03
4.817108735504350037e+00 4.232198516546509026e+00 -4.451393271343927899e-03
5.026548245743668986e+00 -2.902078982774749072e+00 -5.791281306465933046e-03
5.026548245743668986e+00 -2.660239067543519909e+00 -6.708108686574132569e-03
5.026548245743668986e+00 -2.418399152312290745e+00 -7.305266539843324920e-03
5.026548245743668986e+00 -2.176559237081061582e+00 -7.117412333693307405e-03
5.026548245743668986e+00 -1.934719321849832863e+00 -5.921272973199739539e-03
5.026548245743668986e+00 -1.692879406618603699e+00 -4.152151922208117789e-03
5.026548245743668986e+00 -1.451039491387374536e+00 -2.405698835529907365e-03
5.026548245743668986e+00 -1.209199576156145595e+00 -1.062869859772136005e-03
5.026548245743668986e+00 -9.673596609249164313e-01 -4.488652670346452160e-04
5.026548245743668986e+00 -7.255197456936874900e-01 -1.144653843703338563e-03
5.026548245743668986e+00 -4.836798304624583267e-01 -4.875138838457786922e-03
5.026548245743668986e+00 -2.418399152312296074e-01 -1.297128717854658352e-02
5.026548245743668986e+00 0.000000000000000000e+00 -1.704820324143016888e-02
5.026548245743668986e+00 2.418399152312291633e-01 -1.028172863926162493e-02
5.026548245743668986e+00 4.836798304624578826e-01 -4.108744307295108741e-03
5.026548245743668986e+00 7.255197456936870459e-01 -2.529401762658683300e-03
5.026548245743668986e+00 9.673596609249162093e-01 -3.444523898739648357e-03
5.026548245743668986e+00 1.209199576156144929e+00 -5.572096716260764582e-03
5.026548245743668986e+00 1.451039491387374092e+00 -7.446049900259609639e-03
5.026548245743668986e+00 1.692879406618603255e+00 -7.537322708436787477e-03
5.026548245743668986e+00 1.934719321849832419e+00 -6.282711452105209891e-03
5.026548245743668986e+00 2.176559237081061582e+00 -5.223127874184278069e-03
5.026548245743668986e+00 2.418399152312289857e+00 -4.656184394060593028e-03
5.026548245743668986e+00 2.660239067543519909e+00 -4.216195940783887264e-03
5.026548245743668986e+00 2.902078982774749072e+00 -3.800863871092448852e-03
5.026548245743668986e+00 3.143918898005978235e+00 -3.469691546145975674e-03
5.026548245743668986e+00 3.385758813237207399e+00 -3.331618145046604668e-03
5.026548245743668986e+00 3.627598728468435674e+00 -3.509012791165920259e-03
5.026548245743668986e+00 3.869438643699664837e+00 -4.040708610476127609e-03
5.026548245743668986e+00 4.111278558930894000e+00 -4.847055378893458562e-03
5.235987755982988823e+00 -3.022998940390363654e+00 -5.896883090894955090e-03
5.235987755982988823e+00 -2.781159025159134490e+00 -6.982413735952430756e-03
5.235987755982988823e+00 -2.539319109927905327e+00 -7.956054054313592416e-03
5.235987755982988823e+00 -2.297479194696676608e+00 -8.518248624750788395e-03
5.235987755982988823e+00 -2.055639279465447444e+00 -8.289087471679933497e-03
5.235987755982988823e+00 -1.813799364234218281e+00 -7.020642636881984332e-03
5.235987755982988823e+00 -1.571959449002989118e+00 -4.900175611412520976e-03
5.235987755982988823e+00 -1.330119533771760176e+00 -2.653706978991315999e-03
5.235987755982988823e+00 -1.088279618540531013e+00 -1.050505846391173049e-03
5.235987755982988823e+00 -8.464397033093020717e-01 -5.047146036988027192e-04
5.235987755982988823e+00 -6.045997880780729083e-01 -1.597931297013717358e-03
5.235987755982988823e+00 -3.627598728468441891e-01 -5.611223097762954234e-03
5.235987755982988823e+00 -1.209199576156145817e-01 -1.081007221758277514e-02
5.235987755982988823e+00 1.209199576156145817e-01 -9.301151692490339934e-03
5.235987755982988823e+00 3.627598728468433009e-01 -4.254066682342940754e-03
5.235987755982988823e+00 6.045997880780724643e-01 -2.070429087832066205e-03
5.235987755982988823e+00 8.464397033093016276e-01 -2.438284314138951161e-03
5.235987755982988823e+00 1.088279618540530347e+00 -4.348955417002886917e-03
5.235987755982988823e+00 1.330119533771759510e+00 -7.076708500669762723e-03
5.235987755982988823e+00 1.571959449002988674e+00 -9.239565909202948971e-03
5.235987755982988823e+00 1.813799364234217837e+00 -9.454562482336123855e-03
5.235987755982988823e+00 2.055639279465447000e+00 -8.069080313716251937e-03
5.235987755982988823e+00 2.297479194696675275e+00 -6.582928874682252018e-03
5.235987755982988823e+00 2.539319109927905327e+00 -5.588600786595860487e-03
5.235987755982988823e+00 2.781159025159134490e+00 -4.890385041109497448e-03
5.235987755982988823e+00 3.022998940390363654e+00 -4.339749650259317262e-03
5.235987755982988823e+00 3.264838855621592817e+00 -3.975093084602239132e-03
5.235987755982988823e+00 3.506678770852821092e+00 -3.907377179579440800e-03
5.235987755982988823e+00 3.748518686084050255e+00 -4.220181820995124247e-03
5.235987755982988823e+00 3.990358601315279419e+00 -4.917317966770806681e-03
5.445427266222308660e+00 -3.143918898005978235e+00 -5.615526672548937573e-03
5.445427266222308660e+00 -2.902078982774749072e+00 -6.582946371579865945e-03
5.445427266222308660e+00 -2.660239067543519909e+00 -7.545271633613839443e-03
5.445427266222308660e+00 -2.418399152312290745e+00 -8.297605039368405669e-03
5.445427266222308660e+00 -2.176559237081062026e+00 -8.531988238019920512e-03
5.445427266222308660e+00 -1.934719321849832863e+00 -7.873785450573449543e-03
5.445427266222308660e+00 -1.692879406618603699e+00 -6.174191654749947716e-03
5.445427266222308660e+00 -1.451039491387374758e+00 -3.820613217770595874e-03
5.445427266222308660e+00 -1.209199576156145595e+00 -1.689761693132755963e-03
5.445427266222308660e+00 -9.673596609249166534e-01 -4.444478748080843661e-04
5.445427266222308660e+00 -7.255197456936874900e-01 -3.500527518733078107e-04
5.445427266222308660e+00 -4.836798304624587708e-01 -1.868460738663577959e-03
5.445427266222308660e+00 -2.418399152312291633e-01 -5.183331607523015624e-03
5.445427266222308660e+00 0.000000000000000000e+00 -6.355692470184648619e-03
5.445427266222308660e+00 2.418399152312287193e-01 -3.354857082392176566e-03
5.445427266222308660e+00 4.836798304624578826e-01 -1.141238858634470313e-03
5.445427266222308660e+00 7.255197456936870459e-01 -1.032602803031879577e-03
5.445427266222308660e+00 9.673596609249157652e-01 -2.336076569420294635e-03
5.445427266222308660e+00 1.209199576156144929e+00 -4.627144805346407319e-03
5.445427266222308660e+00 1.451039491387374092e+00 -7.280421160084584072e-03
5.445427266222308660e+00 1.692879406618603255e+00 -9.207397141458587009e-03
5.445427266222308660e+00 1.934719321849832419e+00 -9.512215881013922486e-03
5.445427266222308660e+00 2.176559237081060694e+00 -8.449819993421052791e-03
5.445427266222308660e+00 2.418399152312290745e+00 -7.099735184496341195e-03
5.445427266222308660e+00 2.660239067543519909e+00 -6.050675149208243134e-03
5.445427266222308660e+00 2.902078982774749072e+00 -5.273477365187302646e-03
5.445427266222308660e+00 3.143918898005978235e+00 -4.692522503888271572e-03
5.445427266222308660e+00 3.385758813237206510e+00 -4.372390646458427024e-03
5.445427266222308660e+00 3.627598728468435674e+00 -4.405555202478712851e-03
5.445427266222308660e+00 3.869438643699664837e+00 -4.836919817324265847e-03
5.654866776461627609e+00 -3.264838855621592373e+00 -5.217574014001498742e-03
5.654866776461627609e+00 -3.022998940390363209e+00 -5.921642230294451442e-03
5.654866776461627609e+00 -2.781159025159134046e+00 -6.658061982184168039e-03
5.654866776461627609e+00 -2.539319109927904883e+00 -7.234450902487624471e-03
5.654866776461627609e+00 -2.297479194696676164e+00 -7.457194840142677972e-03
5.654866776461627609e+00 -2.055639279465447000e+00 -7.106415514883713397e-03
5.654866776461627609e+00 -1.813799364234217837e+00 -5.987956635283098704e-03
5.654866776461627609e+00 -1.571959449002988896e+00 -4.140484711359103398e-03
5.654866776461627609e+00 -1.330119533771759732e+00 -2.120095880716246686e-03
5.654866776461627609e+00 -1.088279618540530791e+00 -6.271831898253431769e-04
5.654866776461627609e+00 -8.464397033093016276e-01 3.582415256209806065e-05
5.654866776461627609e+00 -6.045997880780729083e-01 -2.317897913189185806e-04
5.654866776461627609e+00 -3.627598728468433009e-01 -1.714812443430169340e-03
5.654866776461627609e+00 -1.209199576156141376e-01 -3.169805188651570859e-03
5.654866776461627609e+00 1.209199576156145817e-01 -1.763693745980879921e-03
5.654866776461627609e+00 3.627598728468437450e-01 8.790997765807068523e-05
5.654866776461627609e+00 6.045997880780729083e-01 3.121970011171774830e-04
5.654866776461627609e+00 8.464397033093016276e-01 -5.905712019400133437e-04
5.654866776461627609e+00 1.088279618540530791e+00 -2.246396115059927194e-03
5.654866776461627609e+00 1.330119533771759954e+00 -4.414119023148785174e-03
5.654866776461627609e+00 1.571959449002989118e+00 -6.546821357187197765e-03
5.654866776461627609e+00 1.813799364234218281e+00 -7.963613884907308482e-03
5.654866776461627609e+00 2.055639279465446556e+00 -8.284166086048639493e-03
5.654866776461627609e+00 2.297479194696676608e+00 -7.731483500096827596e-03
5.654866776461627609e+00 2.539319109927905771e+00 -6.878778982282104937e-03
5.654866776461627609e+00 2.781159025159134934e+00 -6.072981885824315675e-03
5.654866776461627609e+00 3.022998940390364098e+00 -5.378477516244987294e-03
5.654866776461627609e+00 3.264838855621592373e+00 -4.858683545305187215e-03
5.654866776461627609e+00 3.506678770852821536e+00 -4.620158950103337228e-03
5.654866776461627609e+00 3.748518686084050699e+00 -4.740900296829125664e-03
5.864306286700947446e+00 -3.385758813237206954e+00 -4.878329637318405340e-03
5.864306286700947446e+00 -3.143918898005977791e+00 -5.294230494646867333e-03
5.864306286700947446e+00 -2.902078982774748628e+00 -5.775148343111884304e-03
5.864306286700947446e+00 -2.660239067543519909e+00 -6.121912772236633334e-03
5.864306286700947446e+00 -2.418399152312290745e+00 -6.190460657547059396e-03
5.864306286700947446e+00 -2.176559237081061582e+00 -5.894866777482525751e-03
5.864306286700947446e+00 -1.934719321849832419e+00 -5.134765846142260760e-03
5.864306286700947446e+00 -1.692879406618603477e+00 -3.859651098185928973e-03
5.864306286700947446e+00 -1.451039491387374314e+00 -2.304181818521356794e-03
5.864306286700947446e+00 -1.209199576156145373e+00 -9.393704253129427691e-04
5.864306286700947446e+00 -9.673596609249162093e-01 -8.095135802340351757e-05
5.864306286700947446e+00 -7.255197456936874900e-01 2.614349187995750013e-04
5.864306286700947446e+00 -4.836798304624578826e-01 -5.069154228398109295e-05
5.864306286700947446e+00 -2.418399152312287193e-01 -8.934516427228542893e-04
5.864306286700947446e+00 0.000000000000000000e+00 -2.898309541869745318e-04
5.864306286700947446e+00 2.418399152312291633e-01 1.406865650763672749e-03
5.864306286700947446e+00 4.836798304624583267e-01 1.689435266762685057e-03
5.864306286700947446e+00 7.255197456936870459e-01 7.963704433467266473e-04
5.864306286700947446e+00 9.673596609249162093e-01 -5.607235252126184641e-04
5.864306286700947446e+00 1.209199576156145373e+00 -2.202887268556052991e-03
5.864306286700947446e+00 1.451039491387374536e+00 -3.978129937570357676e-03
5.864306286700947446e+00 1.692879406618603699e+00 -5.511136216758136426e-03
5.864306286700947446e+00 1.934719321849831974e+00 -6.504002989861577301e-03
5.864306286700947446e+00 2.176559237081062026e+00 -6.880872049605064530e-03
5.864306286700947446e+00 2.418399152312291189e+00 -6.772199499832687840e-03
5.864306286700947446e+00 2.660239067543520353e+00 -6.387825628840332857e-03
5.864306286700947446e+00 2.902078982774749516e+00 -5.860588667580485592e-03
5.864306286700947446e+00 3.143918898005977791e+00 -5.308100532407503992e-03
5.864306286700947446e+00 3.385758813237206954e+00 -4.885703097301768993e-03
5.864306286700947446e+00 3.627598728468436118e+00 -4.719312264457677791e-03
6.073745796940266395e+00 -3.506678770852821536e+00 -4.724578715383081010e-03
6.073745796940266395e+00 -3.264838855621592373e+00 -4.843445222587994953e-03
6.073745796940266395e+00 -3.022998940390363209e+00 -5.097036929019147303e-03
6.073745796940266395e+00 -2.781159025159134046e+00 -5.278176581283478691e-03
6.073745796940266395e+00 -2.539319109927905327e+00 -5.235166129880172887e-03
6.073745796940266395e+00 -2.297479194696676164e+00 -4.931073819976726502e-03
6.073745796940266395e+00 -2.055639279465447000e+00 -4.374567786823069585e-03
6.073745796940266395e+00 -1.813799364234218059e+00 -3.537307140915352255e-03
6.073745796940266395e+00 -1.571959449002988896e+00 -2.474097792192390868e-03
6.073745796940266395e+00 -1.330119533771759954e+00 -1.410242923587789283e-03
6.073745796940266395e+00 -1.088279618540530791e+00 -5.603762359936236394e-04
6.073745796940266395e+00 -8.464397033093020717e-01 9.451457953464295495e-05
6.073745796940266395e+00 -6.045997880780724643e-01 4.200495260650116236e-04
6.073745796940266395e+00 -3.627598728468433009e-01 1.165583384786590324e-04
6.073745796940266395e+00 -1.209199576156145817e-01 2.759379604323652815e-04
6.073745796940266395e+00 1.209199576156145817e-01 2.068961480749617436e-03
6.073745796940266395e+00 3.627598728468437450e-01 3.005927285422530047e-03
6.073745796940266395e+00 6.045997880780724643e-01 2.186338660267154229e-03
6.073745796940266395e+00 8.464397033093016276e-01 6.659688212600271785e-04
6.073745796940266395e+00 1.088279618540530791e+00 -8.633579798266652599e-04
6.073745796940266395e+00 1.330119533771759954e+00 -2.307195582164056277e-03
6.073745796940266395e+00 1.571959449002989118e+00 -3.639937494100525025e-03
6.073745796940266395e+00 1.813799364234217393e+00 -4.708304790106527908e-03
6.073745796940266395e+00 2.055639279465447444e+00 -5.455897166203305809e-03
6.073745796940266395e+00 2.297479194696676608e+00 -5.898847885583658954e-03
6.073745796940266395e+00 2.539319109927905771e+00 -6.054909423506449340e-03
6.073745796940266395e+00 2.781159025159134934e+00 -5.946154977608294166e-03
6.073745796940266395e+00 3.022998940390363209e+00 -5.617654960977055446e-03
6.073745796940266395e+00 3.264838855621592373e+00 -5.209167449715667274e-03
6.073745796940266395e+00 3.506678770852821536e+00 -4.867724219830284541e-03
